2.5741e-05 0 0 0 0 0 0
0.0250584 0 0 0 0 0 0
0.0500769 0 0 0 0 0 0
0.0750914 0 0 0 0 0 0
0.100075 0 0 0 0 0 0
0.125094 0 0 0 0 0 0
0.150149 0 0 0 0 0 0
0.175152 0 0 0 0 0 0
0.200094 0 0 0 0 0 0
0.225072 0 0 0 0 0 0
0.250065 0 0 0 0 0 0
0.27507 0 0 0 0 0 0
0.300347 0.00375087 0.00138915 0.0187543 0.00694577 1.07454 0.397963
0.325143 0.00699104 0.00249918 0.0199517 0.00693927 1.14315 0.397591
0.350177 0.00978808 0.00339483 0.0209762 0.00697745 1.20185 0.399778
0.375096 0.0122113 0.00411534 0.0219042 0.00699739 1.25502 0.400921
0.400117 0.0142838 0.00468075 0.022574 0.00694236 1.2934 0.397768
0.425143 0.0162033 0.00515668 0.0238811 0.00706041 1.36829 0.404532
0.450098 0.0178621 0.00553941 0.0244974 0.00707036 1.4036 0.405102
0.475107 0.0192803 0.00585102 0.0249533 0.00709745 1.42972 0.406654
0.500146 0.0203664 0.00610922 0.0247109 0.00714201 1.41583 0.409207
0.525109 0.0212416 0.00630094 0.0247423 0.00706784 1.41763 0.404957
0.550156 0.0219401 0.00645425 0.0247341 0.00706749 1.41716 0.404938
0.575107 0.0225222 0.00655606 0.0248503 0.00696326 1.42382 0.398966
0.600135 0.0230268 0.00663004 0.0250452 0.00692599 1.43498 0.39683
0.625131 0.0233259 0.00668793 0.0245223 0.00691947 1.40502 0.396456
0.65013 0.0235223 0.00673855 0.024308 0.00694102 1.39275 0.397691
0.675079 0.0236882 0.00677449 0.024352 0.00691828 1.39527 0.396388
0.700133 0.0238566 0.00680259 0.0245299 0.00691496 1.40546 0.396198
0.725101 0.0240135 0.00682538 0.024641 0.00691658 1.41183 0.396291
0.750149 0.0241541 0.00685649 0.0247166 0.00698089 1.41616 0.399975
0.775101 0.0242198 0.0068738 0.0244827 0.00694305 1.40275 0.397808
0.800134 0.0245044 0.00688749 0.0256426 0.00694223 1.46921 0.39776
0.82515 0.024874 0.00689263 0.0263526 0.00691319 1.50989 0.396097
0.850105 0.0252571 0.00688123 0.0267894 0.00683562 1.53492 0.391652
0.875102 0.0257021 0.00688507 0.0274822 0.00690046 1.57462 0.395367
0.900099 0.0262986 0.00687839 0.0286845 0.00685165 1.6435 0.392571
0.925102 0.0271331 0.00686291 0.0304714 0.00680102 1.74588 0.38967
0.95014 0.0284133 0.00684563 0.0335341 0.00677651 1.92136 0.388265
0.975111 0.0304489 0.00682574 0.0385909 0.00674616 2.2111 0.386526
1.0001 0.0331741 0.00683518 0.0440751 0.00687295 2.52532 0.393791
1.0251 0.0358197 0.00684076 0.0464022 0.00686307 2.65865 0.393225
1.05012 0.0380929 0.00683099 0.0471857 0.0067919 2.70354 0.389147
1.0751 0.0401927 0.00680525 0.048592 0.00670228 2.78412 0.384012
1.10009 0.0421 0.00680597 0.0497292 0.00680889 2.84927 0.390121
1.1251 0.0439456 0.0067971 0.0513282 0.00676162 2.94089 0.387413
1.15014 0.0458023 0.00678737 0.0532289 0.00674843 3.04979 0.386657
1.17514 0.0474888 0.00677747 0.0542347 0.00673786 3.10742 0.386051
1.20012 0.0492363 0.0067793 0.0562265 0.00678662 3.22154 0.388845
1.22516 0.0511154 0.00677945 0.0586318 0.00678004 3.35936 0.388468
1.25017 0.053393 0.00677749 0.0625033 0.00676966 3.58118 0.387873
1.27519 0.0562823 0.00674611 0.0678396 0.0066206 3.88692 0.379332
1.3001 0.0602995 0.00671219 0.0763682 0.00657653 4.37557 0.376807
1.3251 0.0656294 0.0066941 0.0869491 0.00662174 4.98182 0.379398
1.35013 0.0710259 0.00666316 0.0926118 0.00653939 5.30626 0.374679
1.37514 0.0764481 0.00662876 0.098137 0.00649114 5.62283 0.371915
1.40013 0.0816764 0.00659806 0.10259 0.00647529 5.87796 0.371007
1.42514 0.0864169 0.00659107 0.105379 0.00656308 6.03775 0.376037
1.45017 0.0911208 0.00657875 0.109936 0.00652947 6.29889 0.374111
1.47512 0.095559 0.00657475 0.113312 0.00655876 6.4923 0.375789
1.5001 0.0995557 0.00655087 0.115542 0.00645537 6.62009 0.369865
1.5251 0.103435 0.00647514 0.11895 0.0061722 6.81534 0.353641
1.55019 0.107193 0.00639634 0.122225 0.00608112 7.00298 0.348423
1.57512 0.110845 0.00631742 0.125456 0.00600174 7.1881 0.343874
1.6001 0.11451 0.00626714 0.12917 0.00606605 7.40091 0.347559
1.62513 0.118146 0.00622786 0.13269 0.00607073 7.60259 0.347827
1.65014 0.121879 0.00617171 0.136809 0.00594711 7.83857 0.340745
1.67516 0.125952 0.00614252 0.142244 0.00602576 8.14998 0.345251
1.70013 0.130263 0.00610468 0.147509 0.00595332 8.45164 0.3411
1.72514 0.134837 0.0060496 0.153133 0.00582928 8.77387 0.333993
1.75011 0.139398 0.00599782 0.15764 0.00579069 9.03211 0.331782
1.77514 0.143953 0.00597819 0.162176 0.00589968 9.29199 0.338027
1.80014 0.148628 0.00595536 0.167328 0.00586405 9.58719 0.335985
1.8251 0.153297 0.00594922 0.171972 0.00592465 9.85327 0.339457
1.85013 0.158242 0.00590788 0.178022 0.00574253 10.1999 0.329023
1.87515 0.162994 0.00588035 0.182002 0.0057702 10.428 0.330608
1.90011 0.168114 0.00583338 0.188591 0.00564549 10.8055 0.323463
1.92513 0.173392 0.00581092 0.194506 0.00572111 11.1444 0.327795
1.95013 0.178809 0.00578665 0.200476 0.00568955 11.4864 0.325987
1.9751 0.184169 0.00575887 0.205611 0.00564776 11.7807 0.323593
2.00011 0.189742 0.00576972 0.21203 0.00581312 12.1484 0.333067
2.0251 0.19528 0.00576349 0.217435 0.00573855 12.4581 0.328795
2.05014 0.200531 0.00575314 0.221535 0.00571175 12.693 0.327259
2.07514 0.205652 0.00573203 0.226133 0.00564758 12.9565 0.323583
2.10013 0.210754 0.00570076 0.231166 0.00557568 13.2448 0.319463
2.1251 0.21588 0.00565803 0.236381 0.00548712 13.5436 0.314389
2.15014 0.221225 0.00566619 0.242607 0.00569882 13.9004 0.326518
2.17514 0.22697 0.00564314 0.249948 0.00555093 14.321 0.318045
2.2001 0.232653 0.00560391 0.255385 0.005447 14.6325 0.31209
2.2251 0.238456 0.0055785 0.261669 0.00547685 14.9925 0.313801
2.2501 0.244372 0.00551721 0.268035 0.00527205 15.3573 0.302066
2.27511 0.249998 0.00548512 0.2725 0.00535676 15.6131 0.30692
2.30014 0.255433 0.00549409 0.277174 0.00552999 15.8809 0.316845
2.3251 0.260606 0.00550134 0.281299 0.00553033 16.1173 0.316865
2.3501 0.265415 0.00551589 0.28465 0.00557407 16.3092 0.319371
2.3751 0.270066 0.0055379 0.288668 0.00562595 16.5395 0.322343
2.40016 0.27471 0.00554501 0.293288 0.00557347 16.8041 0.319336
2.42511 0.279401 0.00555453 0.298165 0.00559262 17.0836 0.320433
2.45013 0.283989 0.00563692 0.30234 0.00596648 17.3228 0.341854
2.47515 0.288726 0.00570807 0.307674 0.00599267 17.6284 0.343355
2.50011 0.293512 0.00576226 0.312654 0.005979 17.9137 0.342572
2.52511 0.298167 0.00583909 0.316789 0.0061464 18.1507 0.352163
2.55016 0.30296 0.0058692 0.322131 0.00598964 18.4567 0.343181
2.57512 0.307806 0.00589951 0.32719 0.00602077 18.7466 0.344965
2.60015 0.312469 0.00589734 0.331121 0.00588865 18.9718 0.337395
2.6251 0.317032 0.00587634 0.335283 0.00579232 19.2103 0.331875
2.6501 0.321394 0.00587875 0.338844 0.0058884 19.4143 0.337381
2.67517 0.325316 0.00585056 0.341004 0.0057378 19.5381 0.328752
2.70014 0.328843 0.005813 0.342951 0.00566275 19.6496 0.324452
2.72514 0.331864 0.00570854 0.343947 0.00529071 19.7067 0.303135
2.7501 0.334332 0.00562809 0.344203 0.0053063 19.7214 0.304029
2.7751 0.336277 0.00549807 0.344058 0.004978 19.713 0.285218
2.8001 0.337619 0.00537381 0.34299 0.00487676 19.6519 0.279418
2.82514 0.338469 0.00523511 0.341866 0.00468031 19.5875 0.268162
2.85016 0.338941 0.00510447 0.340832 0.00458191 19.5282 0.262524
2.8751 0.338931 0.00500361 0.338888 0.00460015 19.4169 0.263569
2.90012 0.338783 0.00493001 0.338193 0.0046356 19.377 0.2656
2.9251 0.338666 0.00487355 0.338197 0.00464773 19.3773 0.266295
2.95017 0.338553 0.00481494 0.338102 0.00458048 19.3718 0.262442
2.97515 0.338453 0.00475299 0.338053 0.00450521 19.369 0.25813
3.00011 0.338266 0.0047091 0.337518 0.00453351 19.3384 0.259751
3.0251 0.337994 0.00467558 0.336908 0.00454154 19.3034 0.260211
3.05013 0.337796 0.00464554 0.337002 0.00452537 19.3088 0.259284
3.07515 0.337738 0.00462343 0.337507 0.00453499 19.3377 0.259836
3.10011 0.33781 0.00460824 0.338099 0.00454746 19.3717 0.26055
3.1251 0.338084 0.00459977 0.339176 0.0045659 19.4334 0.261607
3.15013 0.338617 0.00460425 0.340749 0.00462218 19.5235 0.264831
3.1751 0.339571 0.00461612 0.343389 0.00466359 19.6747 0.267204
3.20012 0.341032 0.00456899 0.346875 0.00438049 19.8745 0.250984
3.22512 0.342609 0.00440427 0.348917 0.00374539 19.9915 0.214595
3.2501 0.344128 0.00428211 0.350206 0.00379346 20.0653 0.217349
3.27515 0.345694 0.00432861 0.351957 0.00451462 20.1656 0.258669
3.30013 0.34723 0.00454969 0.353374 0.00543401 20.2469 0.311346
3.3251 0.348957 0.00479251 0.355867 0.00576378 20.3897 0.33024
3.35012 0.350807 0.00490008 0.358207 0.00533038 20.5237 0.305408
3.37515 0.352794 0.00483524 0.36074 0.00457589 20.6689 0.262179
3.40015 0.3551 0.00463853 0.364322 0.00385166 20.8741 0.220684
3.4251 0.357778 0.00429954 0.368491 0.0029436 21.113 0.168656
3.45011 0.360516 0.00392248 0.371471 0.00241424 21.2837 0.138326
3.47514 0.363426 0.00358967 0.375064 0.00225844 21.4896 0.129399
3.50018 0.366433 0.00332634 0.378461 0.00227301 21.6842 0.130234
3.52513 0.369449 0.00307361 0.381514 0.00206267 21.8592 0.118182
3.5501 0.372559 0.0029577 0.385001 0.00249409 22.0589 0.142901
3.57513 0.375772 0.00297901 0.388622 0.00306426 22.2664 0.175569
3.60015 0.379047 0.00299717 0.39215 0.00306979 22.4685 0.175886
3.62515 0.382419 0.00309163 0.395906 0.00346948 22.6837 0.198786
3.65016 0.386041 0.00318179 0.400526 0.00354244 22.9485 0.202967
3.6751 0.389867 0.00326384 0.405173 0.00359203 23.2147 0.205808
3.70013 0.394122 0.00331541 0.411143 0.00352168 23.5567 0.201777
3.72514 0.398699 0.00339612 0.417005 0.00371895 23.8927 0.21308
3.75015 0.402533 0.00351488 0.417869 0.00398991 23.9421 0.228605
3.77514 0.405452 0.00372706 0.41713 0.00457578 23.8998 0.262173
3.8001 0.407872 0.00386598 0.417552 0.00442165 23.9239 0.253342
3.82514 0.410057 0.00398194 0.418796 0.00444581 23.9953 0.254726
3.85012 0.412141 0.0041235 0.420477 0.0046897 24.0916 0.2687
3.87515 0.414344 0.00412503 0.423155 0.00413118 24.245 0.236699
3.90014 0.416296 0.00401217 0.424104 0.00356071 24.2994 0.204014
3.9251 0.417874 0.00395877 0.424185 0.00374517 24.304 0.214583
3.95014 0.418578 0.00399107 0.421397 0.00412027 24.1443 0.236074
3.97514 0.418723 0.00404845 0.419302 0.00427799 24.0242 0.245111
4.00014 0.418542 0.00413969 0.417816 0.00450461 23.9391 0.258095
4.02517 0.418177 0.00417392 0.416717 0.00431086 23.8761 0.246994
4.05014 0.41808 0.00414232 0.417692 0.00401593 23.932 0.230096
4.0751 0.41822 0.00402514 0.418781 0.00355641 23.9944 0.203767
4.1001 0.418453 0.00391603 0.419386 0.00347957 24.0291 0.199364
4.12516 0.418712 0.00383437 0.419747 0.00350777 24.0497 0.200981
4.15012 0.41887 0.00380443 0.419501 0.00368466 24.0356 0.211116
4.17511 0.418844 0.00385636 0.418738 0.00406407 23.9919 0.232854
4.20014 0.418682 0.00388873 0.418036 0.0040182 23.9517 0.230226
4.2251 0.418346 0.00392703 0.417004 0.00408021 23.8925 0.233779
4.2501 0.417683 0.00395064 0.415028 0.00404512 23.7794 0.231768
4.27514 0.41668 0.00399563 0.41267 0.00417556 23.6443 0.239242
4.3001 0.415467 0.0039415 0.410616 0.003725 23.5266 0.213427
4.32513 0.413769 0.00369532 0.406977 0.00271058 23.3181 0.155305
4.35014 0.411475 0.00350119 0.402298 0.00272466 23.05 0.156112
4.3751 0.408841 0.00328385 0.398303 0.00241451 22.8211 0.138341
4.40012 0.405679 0.00314255 0.393033 0.00257737 22.5191 0.147672
4.42511 0.402145 0.00291953 0.388008 0.00202743 22.2312 0.116163
4.45015 0.398295 0.00264095 0.382897 0.00152665 21.9384 0.0874705
4.4751 0.39441 0.0023378 0.37887 0.00112521 21.7076 0.0644699
4.5001 0.390443 0.00202065 0.374572 0.00075204 21.4614 0.0430887
4.52511 0.386636 0.00186263 0.371412 0.00123052 21.2803 0.0705035
4.55013 0.383171 0.00170286 0.369307 0.00106381 21.1597 0.0609521
4.5751 0.379833 0.00155356 0.366482 0.000956338 20.9979 0.0547941
4.6001 0.376663 0.00149767 0.363982 0.00127413 20.8546 0.0730022
4.6251 0.373737 0.00157316 0.362033 0.0018751 20.7429 0.107435
4.6501 0.370883 0.00180386 0.359466 0.00272666 20.5959 0.156226
4.67512 0.367973 0.00222943 0.356335 0.00393172 20.4165 0.225271
4.70013 0.365089 0.00277259 0.35355 0.00494524 20.2569 0.283341
4.7251 0.36206 0.00326586 0.349946 0.00523893 20.0504 0.300169
4.7501 0.359109 0.00365968 0.347307 0.00523494 19.8992 0.29994
4.77511 0.356432 0.00395408 0.345724 0.00513168 19.8085 0.294023
4.80013 0.354024 0.00415544 0.344389 0.00496091 19.732 0.284239
4.82515 0.351695 0.00431129 0.34238 0.00493466 19.6169 0.282735
4.85014 0.34949 0.00443784 0.340671 0.00494404 19.519 0.283273
4.87514 0.347465 0.00454563 0.339364 0.00497681 19.4441 0.28515
4.90013 0.345693 0.00459129 0.338606 0.00477391 19.4007 0.273525
4.92515 0.344119 0.00462411 0.337823 0.00475541 19.3558 0.272465
4.95014 0.342598 0.00466204 0.336512 0.00481375 19.2807 0.275808
4.97514 0.341145 0.00469566 0.335332 0.00483016 19.2131 0.276748
5.00014 0.339889 0.0047437 0.334869 0.00493586 19.1866 0.282804
5.0251 0.338819 0.00478249 0.334537 0.00493764 19.1676 0.282906
5.0501 0.33789 0.0048441 0.334175 0.00509051 19.1468 0.291665
5.07514 0.337152 0.00491701 0.334199 0.00520867 19.1482 0.298435
5.10011 0.336572 0.00498058 0.334252 0.00523488 19.1513 0.299936
5.12509 0.336092 0.00504574 0.334172 0.00530638 19.1467 0.304033
5.1501 0.335687 0.00511255 0.334066 0.0053798 19.1406 0.30824
5.17513 0.335348 0.00516496 0.333994 0.0053746 19.1365 0.307942
5.20014 0.335075 0.00522127 0.33398 0.00544651 19.1357 0.312062
5.2251 0.334823 0.00528423 0.333816 0.00553607 19.1262 0.317194
5.2501 0.334613 0.00535042 0.333773 0.00561515 19.1238 0.321724
5.27513 0.334465 0.00540229 0.333875 0.00560979 19.1296 0.321417
5.30011 0.334378 0.00544081 0.334026 0.00559488 19.1383 0.320563
5.3251 0.334401 0.00547202 0.334493 0.00559686 19.165 0.320676
5.3501 0.334575 0.00549892 0.335275 0.00560652 19.2098 0.32123
5.37513 0.334779 0.00552132 0.335592 0.00561094 19.228 0.321483
5.40015 0.33496 0.00554576 0.335684 0.00564351 19.2333 0.32335
5.4251 0.335174 0.00557617 0.33603 0.00569781 19.2531 0.32646
5.4501 0.335537 0.00559504 0.336989 0.00567051 19.308 0.324896
5.47512 0.335905 0.00561498 0.337379 0.00569476 19.3304 0.326286
5.5001 0.336245 0.0056319 0.337606 0.00569956 19.3434 0.326561
5.5251 0.336512 0.00564009 0.337577 0.00567284 19.3417 0.32503
5.55013 0.336693 0.00565869 0.337417 0.00573309 19.3326 0.328482
5.57514 0.336859 0.00565908 0.337522 0.00566065 19.3386 0.324331
5.60015 0.337007 0.00564136 0.337603 0.00557049 19.3432 0.319165
5.62512 0.337131 0.00562351 0.337628 0.00555211 19.3447 0.318112
5.65014 0.337233 0.00560216 0.337637 0.00551674 19.3452 0.316086
5.67513 0.337351 0.00559052 0.337825 0.005544 19.356 0.317648
5.7001 0.337544 0.00559941 0.338317 0.00563495 19.3841 0.322859
5.72513 0.337773 0.00564444 0.338686 0.00582455 19.4053 0.333722
5.75016 0.337962 0.00569873 0.33872 0.00591591 19.4072 0.338957
5.77513 0.338142 0.00575172 0.33886 0.00596365 19.4152 0.341692
5.8001 0.33835 0.00581566 0.339184 0.00607146 19.4338 0.347869
5.82512 0.338502 0.0058747 0.339107 0.00611082 19.4294 0.350124
5.85013 0.3386 0.00594377 0.338996 0.00622009 19.423 0.356385
5.87512 0.338671 0.00600933 0.338952 0.00627154 19.4205 0.359333
5.90013 0.338728 0.00609448 0.338957 0.00643509 19.4208 0.368704
5.9251 0.338757 0.00618301 0.338873 0.00653715 19.416 0.374551
5.9501 0.3388 0.00622453 0.338972 0.00639059 19.4217 0.366154
5.9751 0.338758 0.00625348 0.338592 0.00636928 19.3999 0.364933
6.0001 0.338588 0.00612386 0.337909 0.0056054 19.3607 0.321166
6.02511 0.33843 0.00575939 0.337798 0.00430149 19.3544 0.246457
6.05013 0.33833 0.00506314 0.337931 0.00227814 19.362 0.130528
6.07513 0.338134 0.00403589 0.337347 -7.31087e-05 19.3286 -0.00418882
6.1001 0.337875 0.00274157 0.336838 -0.0024357 19.2994 -0.139555
6.12512 0.337535 0.00102031 0.336177 -0.00586475 19.2615 -0.336025
6.15015 0.337157 -0.00116761 0.335646 -0.0099193 19.2311 -0.568334
6.17513 0.33671 -0.00372809 0.334919 -0.01397 19.1895 -0.800422
6.2001 0.336104 -0.00663808 0.333681 -0.018278 19.1185 -1.04725
6.22513 0.335414 -0.00973084 0.332655 -0.0221019 19.0597 -1.26635
6.2501 0.334748 -0.0128016 0.332085 -0.0250848 19.0271 -1.43725
6.27514 0.334297 -0.0160624 0.332492 -0.0291053 19.0504 -1.66761
6.3001 0.33412 -0.0194437 0.333411 -0.0329691 19.103 -1.88899
6.3251 0.334086 -0.0226414 0.333948 -0.0354319 19.1338 -2.0301
6.3501 0.334097 -0.0256279 0.33414 -0.0375743 19.1448 -2.15285
6.37513 0.334126 -0.0284043 0.334243 -0.0395099 19.1507 -2.26375
6.40018 0.33422 -0.0309621 0.334596 -0.041193 19.171 -2.36019
6.42511 0.334322 -0.0332342 0.334733 -0.0423228 19.1788 -2.42492
6.45011 0.334411 -0.0353596 0.334767 -0.0438614 19.1808 -2.51307
6.47513 0.334435 -0.03726 0.334528 -0.0448616 19.167 -2.57038
6.50013 0.33444 -0.0391326 0.334462 -0.046623 19.1633 -2.6713
6.52511 0.334454 -0.0409889 0.334507 -0.0484141 19.1659 -2.77392
6.55015 0.334535 -0.0429278 0.334862 -0.0506834 19.1862 -2.90395
6.5751 0.334574 -0.0447996 0.334731 -0.0522866 19.1787 -2.9958
6.6001 0.334587 -0.0467289 0.334636 -0.0544463 19.1732 -3.11954
6.62512 0.33457 -0.048668 0.334503 -0.0564243 19.1656 -3.23287
6.65011 0.334627 -0.0505721 0.334853 -0.0581884 19.1857 -3.33395
6.67511 0.334793 -0.0525533 0.335456 -0.0604785 19.2202 -3.46516
6.7001 0.335097 -0.0545359 0.336315 -0.062466 19.2694 -3.57904
6.7251 0.335471 -0.0563199 0.336967 -0.0634558 19.3068 -3.63575
6.7501 0.335882 -0.0578973 0.337524 -0.064207 19.3387 -3.67879
6.7751 0.336315 -0.0593845 0.338049 -0.0653331 19.3688 -3.74331
6.8001 0.336767 -0.0607284 0.338576 -0.0661043 19.399 -3.7875
6.8251 0.337114 -0.0619746 0.338502 -0.0669594 19.3948 -3.83649
6.8501 0.337406 -0.0631381 0.338574 -0.0677918 19.3988 -3.88418
6.8751 0.337641 -0.0642982 0.338581 -0.068939 19.3993 -3.94991
6.9001 0.33787 -0.0655331 0.338784 -0.0704725 19.4109 -4.03778
6.92513 0.338126 -0.0668307 0.339152 -0.072021 19.432 -4.1265
6.95014 0.338403 -0.0681209 0.339509 -0.073282 19.4525 -4.19875
6.97511 0.338781 -0.0695911 0.340296 -0.0754716 19.4975 -4.3242
7.0001 0.339376 -0.0711722 0.341753 -0.0774965 19.581 -4.44022
7.0251 0.340054 -0.0728172 0.342764 -0.0793972 19.6389 -4.54913
7.05013 0.340664 -0.0745503 0.343104 -0.0814828 19.6584 -4.66862
7.07511 0.341186 -0.0762733 0.343274 -0.0831651 19.6682 -4.76501
7.10013 0.341598 -0.0779203 0.343247 -0.0845083 19.6666 -4.84197
7.1251 0.341917 -0.0794888 0.343193 -0.0857629 19.6635 -4.91385
7.1501 0.342177 -0.0810411 0.343215 -0.0872504 19.6648 -4.99908
7.17514 0.342379 -0.0824579 0.343188 -0.0881249 19.6632 -5.04919
7.20014 0.342547 -0.0839425 0.343217 -0.0898811 19.6649 -5.14981
7.22514 0.342653 -0.0853722 0.343081 -0.091091 19.6571 -5.21913
7.25013 0.342747 -0.0868773 0.343122 -0.0928976 19.6595 -5.32264
7.2751 0.342823 -0.0883986 0.343124 -0.0944838 19.6596 -5.41352
7.3001 0.342815 -0.0899316 0.342785 -0.0960638 19.6401 -5.50405
7.32511 0.342762 -0.0914948 0.342551 -0.0977477 19.6267 -5.60053
7.35011 0.34269 -0.0930072 0.342401 -0.0990567 19.6181 -5.67553
7.37514 0.34265 -0.094542 0.34249 -0.100681 19.6232 -5.7686
7.40013 0.342637 -0.0961683 0.342585 -0.102674 19.6287 -5.88276
7.4251 0.342646 -0.0977453 0.342684 -0.104053 19.6344 -5.96181
7.45013 0.342724 -0.0993105 0.343035 -0.105571 19.6544 -6.04878
7.4751 0.342829 -0.100931 0.343246 -0.107411 19.6666 -6.15419
7.50014 0.342971 -0.102573 0.343543 -0.109142 19.6836 -6.25337
7.5251 0.343056 -0.104256 0.343396 -0.110987 19.6751 -6.35907
7.55013 0.343074 -0.105916 0.343146 -0.112556 19.6608 -6.44896
7.57511 0.343081 -0.107506 0.34311 -0.113866 19.6587 -6.52405
7.60016 0.343079 -0.109073 0.343072 -0.115344 19.6566 -6.60873
7.62513 0.343105 -0.110659 0.343207 -0.117001 19.6643 -6.70368
7.65013 0.343132 -0.112223 0.343242 -0.11848 19.6663 -6.78843
7.6751 0.343219 -0.113892 0.343565 -0.120568 19.6848 -6.90805
7.70012 0.343415 -0.115909 0.344198 -0.123975 19.7211 -7.10327
7.72515 0.343694 -0.117982 0.344814 -0.126274 19.7564 -7.23498
7.75017 0.343983 -0.119952 0.345137 -0.12783 19.7749 -7.32415
7.7751 0.344252 -0.121859 0.345329 -0.129489 19.7859 -7.41916
7.80015 0.344461 -0.123578 0.345298 -0.130454 19.7841 -7.47448
7.82511 0.34467 -0.125163 0.345507 -0.131503 19.7961 -7.53458
7.85017 0.344966 -0.126703 0.346146 -0.132863 19.8327 -7.61252
7.87515 0.345219 -0.128067 0.346235 -0.133521 19.8378 -7.65017
7.90015 0.345327 -0.129284 0.345758 -0.134154 19.8105 -7.68648
7.9251 0.345353 -0.130438 0.345455 -0.135053 19.7931 -7.73797
7.95014 0.345478 -0.131657 0.345979 -0.136535 19.8231 -7.82287
7.97517 0.34567 -0.132925 0.346439 -0.137995 19.8495 -7.90652
8.00013 0.345975 -0.134327 0.347196 -0.139936 19.8929 -8.01773
8.0251 0.346484 -0.135956 0.348519 -0.142472 19.9687 -8.16305
8.0501 0.347028 -0.13762 0.349202 -0.144274 20.0078 -8.26627
8.07513 0.347539 -0.139333 0.349584 -0.146186 20.0297 -8.37585
8.10013 0.347961 -0.141047 0.349646 -0.147905 20.0333 -8.47433
8.12511 0.348315 -0.142718 0.349734 -0.149399 20.0383 -8.55991
8.15014 0.348661 -0.144421 0.350044 -0.151234 20.0561 -8.66509
8.17514 0.348916 -0.146262 0.349937 -0.153628 20.0499 -8.80223
8.20013 0.349128 -0.148139 0.349974 -0.155645 20.052 -8.91779
8.2251 0.349291 -0.150064 0.349942 -0.157767 20.0502 -9.03939
8.25014 0.349467 -0.152063 0.350173 -0.160058 20.0634 -9.17066
8.27511 0.349727 -0.154027 0.350766 -0.161882 20.0974 -9.27514
8.30013 0.349999 -0.155975 0.351088 -0.163767 20.1158 -9.38318
8.3251 0.350258 -0.157902 0.351296 -0.165612 20.1278 -9.48887
8.3501 0.350447 -0.159616 0.351201 -0.166468 20.1223 -9.53792
8.37512 0.350578 -0.161187 0.351101 -0.167474 20.1166 -9.59554
8.40011 0.350662 -0.162614 0.350998 -0.168323 20.1107 -9.64422
8.42514 0.350801 -0.163955 0.351358 -0.169317 20.1313 -9.70117
8.45013 0.350963 -0.165244 0.351612 -0.1704 20.1459 -9.76318
8.4751 0.351146 -0.166543 0.351879 -0.171741 20.1612 -9.84006
8.50013 0.351373 -0.167871 0.352278 -0.173179 20.184 -9.92243
8.52514 0.351597 -0.169058 0.352493 -0.173807 20.1964 -9.95841
8.55014 0.351787 -0.170023 0.352548 -0.173882 20.1995 -9.96272
8.5751 0.351927 -0.1708 0.352485 -0.17391 20.1959 -9.96431
8.6001 0.352028 -0.171434 0.352434 -0.173972 20.193 -9.96784
8.62514 0.352123 -0.1719 0.352505 -0.173763 20.197 -9.9559
8.65014 0.35222 -0.172264 0.352606 -0.173721 20.2028 -9.95349
8.6751 0.352322 -0.17273 0.352729 -0.174594 20.2099 -10.0035
8.70015 0.35246 -0.173354 0.353014 -0.175848 20.2262 -10.0753
8.72513 0.352566 -0.174107 0.352989 -0.177119 20.2248 -10.1482
8.75013 0.352598 -0.174958 0.352726 -0.178364 20.2097 -10.2195
8.77515 0.352569 -0.17589 0.352455 -0.179615 20.1942 -10.2912
8.80021 0.352535 -0.176702 0.352398 -0.179952 20.1909 -10.3105
8.82519 0.352501 -0.177375 0.352367 -0.180069 20.1891 -10.3172
8.85013 0.352462 -0.177745 0.352303 -0.179222 20.1855 -10.2686
8.8751 0.352443 -0.17783 0.352368 -0.178172 20.1892 -10.2085
8.90013 0.352469 -0.177633 0.352572 -0.176842 20.2009 -10.1323
8.92514 0.352661 -0.177131 0.35343 -0.175123 20.2501 -10.0338
8.9501 0.352993 -0.176421 0.354322 -0.173585 20.3012 -9.94567
8.97513 0.353432 -0.175625 0.355188 -0.172441 20.3508 -9.88012
9.00013 0.353845 -0.174798 0.355495 -0.171489 20.3684 -9.82558
9.0251 0.354162 -0.173948 0.355431 -0.170548 20.3647 -9.77166
9.05014 0.354408 -0.173187 0.355391 -0.170145 20.3624 -9.74861
9.07513 0.35461 -0.172594 0.355418 -0.170221 20.3639 -9.75292
9.1001 0.354772 -0.172159 0.355423 -0.170419 20.3642 -9.76431
9.12513 0.354924 -0.171832 0.355532 -0.170524 20.3705 -9.7703
9.15013 0.355038 -0.171529 0.355494 -0.170318 20.3683 -9.75851
9.17518 0.355101 -0.171346 0.355354 -0.170615 20.3603 -9.77549
9.20013 0.355171 -0.17137 0.355449 -0.171465 20.3657 -9.82423
9.22514 0.355258 -0.171414 0.355606 -0.171591 20.3747 -9.83142
9.25015 0.355236 -0.171478 0.355149 -0.171735 20.3485 -9.83967
9.27514 0.35507 -0.171698 0.354404 -0.172578 20.3058 -9.88799
9.30017 0.354879 -0.172152 0.354114 -0.173967 20.2893 -9.96756
9.32514 0.354769 -0.17293 0.354331 -0.176042 20.3017 -10.0864
9.35013 0.354742 -0.173932 0.354635 -0.177942 20.3191 -10.1953
9.37513 0.354792 -0.174941 0.354991 -0.178977 20.3395 -10.2546
9.4001 0.354775 -0.175809 0.354705 -0.179282 20.3231 -10.2721
9.4251 0.35459 -0.17634 0.353852 -0.178462 20.2742 -10.2251
9.45011 0.354382 -0.176524 0.353549 -0.17726 20.2569 -10.1562
9.47513 0.35433 -0.176402 0.354122 -0.175914 20.2897 -10.0791
9.50013 0.354467 -0.176126 0.355015 -0.175023 20.3409 -10.0281
9.5251 0.354751 -0.175817 0.355885 -0.174579 20.3907 -10.0026
9.55013 0.355089 -0.175534 0.356445 -0.174404 20.4228 -9.99259
9.57514 0.355332 -0.175279 0.356303 -0.174259 20.4146 -9.98433
9.60012 0.355454 -0.175054 0.35594 -0.174153 20.3939 -9.97824
9.6251 0.355479 -0.174871 0.355581 -0.174138 20.3733 -9.97737
9.6501 0.35561 -0.174882 0.356132 -0.174927 20.4049 -10.0226
9.6751 0.355766 -0.174965 0.356393 -0.1753 20.4198 -10.0439
9.70015 0.355946 -0.175012 0.356663 -0.175196 20.4353 -10.038
9.72511 0.356082 -0.175065 0.356629 -0.175277 20.4333 -10.0426
9.75013 0.356091 -0.175146 0.356127 -0.17547 20.4046 -10.0537
9.7751 0.356027 -0.175309 0.355769 -0.175961 20.3841 -10.0818
9.8001 0.35595 -0.175638 0.355644 -0.176955 20.3769 -10.1388
9.8251 0.355948 -0.176156 0.35594 -0.17823 20.3939 -10.2118
9.85011 0.355985 -0.176741 0.356134 -0.179079 20.405 -10.2605
9.87515 0.356053 -0.177243 0.356325 -0.179254 20.4159 -10.2705
9.90011 0.356042 -0.177684 0.355997 -0.179448 20.3971 -10.2816
9.9251 0.355966 -0.178056 0.355664 -0.179541 20.378 -10.287
9.9501 0.355968 -0.178288 0.355974 -0.179219 20.3958 -10.2685
9.97512 0.356072 -0.178251 0.356487 -0.178104 20.4252 -10.2046
10.0001 0.356169 -0.177837 0.356557 -0.176181 20.4292 -10.0944
10.0251 0.356232 -0.176796 0.356487 -0.172628 20.4252 -9.89088
10.0501 0.356424 -0.174897 0.357188 -0.167305 20.4654 -9.58589
10.0751 0.356754 -0.172056 0.358077 -0.160692 20.5163 -9.20695
10.1002 0.356926 -0.167903 0.357612 -0.151288 20.4896 -8.66816
10.1252 0.35658 -0.162702 0.355199 -0.141898 20.3514 -8.13013
10.1501 0.355839 -0.156933 0.352874 -0.13386 20.2182 -7.6696
10.1751 0.355056 -0.150751 0.351922 -0.126022 20.1636 -7.22056
10.2001 0.354505 -0.144608 0.352302 -0.120036 20.1854 -6.87757
10.2251 0.354098 -0.13888 0.35247 -0.11597 20.195 -6.64458
10.2501 0.353831 -0.13357 0.352764 -0.112326 20.2119 -6.43582
10.2751 0.35359 -0.128737 0.352627 -0.109408 20.204 -6.26859
10.3001 0.353359 -0.124508 0.352436 -0.107589 20.1931 -6.16439
10.3251 0.353119 -0.120589 0.352159 -0.104916 20.1772 -6.01124
10.3501 0.352922 -0.116862 0.352132 -0.101954 20.1757 -5.84153
10.3751 0.352802 -0.113272 0.352323 -0.0989117 20.1866 -5.66722
10.4001 0.352864 -0.109486 0.353111 -0.0943421 20.2318 -5.4054
10.4251 0.353025 -0.105387 0.353669 -0.0889883 20.2638 -5.09866
10.4501 0.353298 -0.100898 0.354391 -0.0829445 20.3051 -4.75237
10.4752 0.353522 -0.0962647 0.354415 -0.0777309 20.3065 -4.45365
10.5001 0.353366 -0.0912398 0.352742 -0.0711404 20.2106 -4.07604
10.5251 0.352923 -0.0859996 0.351154 -0.0650386 20.1197 -3.72644
10.5501 0.352515 -0.0810148 0.350881 -0.0610758 20.104 -3.49939
10.5751 0.352163 -0.0762032 0.350754 -0.0569567 20.0967 -3.26338
10.6001 0.35184 -0.0716391 0.350547 -0.0533826 20.0849 -3.0586
10.6251 0.351587 -0.0674498 0.350575 -0.0506926 20.0865 -2.90447
10.6501 0.351106 -0.0633612 0.349183 -0.0470069 20.0067 -2.6933
10.6752 0.350457 -0.0593255 0.347859 -0.0431825 19.9308 -2.47417
10.7001 0.349742 -0.0555382 0.346885 -0.0403894 19.8751 -2.31414
10.7251 0.348937 -0.0517739 0.345718 -0.0367166 19.8082 -2.10371
10.7502 0.348043 -0.0481142 0.344468 -0.0334755 19.7365 -1.91801
10.7752 0.347212 -0.044902 0.343887 -0.0320533 19.7033 -1.83652
10.8002 0.346459 -0.0420263 0.343448 -0.0305235 19.6781 -1.74887
10.8251 0.345813 -0.0396275 0.343229 -0.0300321 19.6656 -1.72072
10.8501 0.345353 -0.0377011 0.343511 -0.0299958 19.6817 -1.71863
10.8751 0.344864 -0.0360338 0.342911 -0.0293643 19.6474 -1.68245
10.9001 0.344392 -0.0344965 0.342503 -0.0283473 19.624 -1.62418
10.9251 0.344114 -0.0330877 0.343004 -0.0274524 19.6527 -1.57291
10.9501 0.343875 -0.0314662 0.342918 -0.0249804 19.6478 -1.43127
10.9751 0.343592 -0.0294064 0.342459 -0.0211669 19.6214 -1.21277
11.0001 0.343266 -0.0270997 0.341963 -0.0178732 19.5931 -1.02406
11.0251 0.342795 -0.024428 0.340912 -0.0137414 19.5328 -0.787321
11.0501 0.342236 -0.0215797 0.339998 -0.0101864 19.4804 -0.583637
11.0751 0.34173 -0.0189755 0.339706 -0.00855858 19.4637 -0.49037
11.1001 0.341267 -0.0165506 0.339417 -0.00685105 19.4472 -0.392536
11.1251 0.340826 -0.0143383 0.339062 -0.00548901 19.4268 -0.314497
11.1501 0.340497 -0.0124619 0.339181 -0.00495658 19.4336 -0.283991
11.1751 0.340189 -0.0108583 0.338959 -0.00444384 19.4209 -0.254613
11.2001 0.33979 -0.00933524 0.338192 -0.00324294 19.377 -0.185807
11.2251 0.339209 -0.00783737 0.336886 -0.00184587 19.3021 -0.10576
11.2501 0.338542 -0.00634568 0.335872 -0.000378926 19.244 -0.0217109
11.2751 0.337636 -0.00461165 0.334015 0.00232449 19.1376 0.133183
11.3001 0.336639 -0.0026471 0.332648 0.00521108 19.0593 0.298573
11.3251 0.335682 -0.000960031 0.331854 0.00578825 19.0139 0.331642
11.3501 0.335048 0.000411042 0.332512 0.00589534 19.0515 0.337778
11.3751 0.334579 0.00153456 0.332706 0.00602865 19.0627 0.345416
11.4001 0.334249 0.00243841 0.332928 0.00605378 19.0754 0.346856
11.4251 0.334074 0.00313752 0.333373 0.00593397 19.1008 0.339992
11.4501 0.333973 0.00373536 0.333572 0.00612672 19.1122 0.351035
11.4751 0.33387 0.00435292 0.333456 0.00682317 19.1056 0.390939
11.5001 0.333696 0.00501844 0.332998 0.00768052 19.0794 0.440061
11.5251 0.333385 0.00584178 0.332144 0.00913516 19.0305 0.523406
11.5502 0.333054 0.00680694 0.331729 0.0106675 19.0067 0.611205
11.5751 0.332708 0.00792431 0.331322 0.0123938 18.9833 0.710113
11.6001 0.332406 0.00913172 0.331199 0.0139613 18.9763 0.799926
11.6251 0.332128 0.0103942 0.331017 0.0154442 18.9659 0.884889
11.6501 0.331885 0.0118322 0.330911 0.0175843 18.9598 1.0075
11.6751 0.331605 0.0134655 0.330487 0.0199984 18.9355 1.14583
11.7001 0.331199 0.015237 0.329574 0.0223231 18.8832 1.27902
11.7251 0.33067 0.0171395 0.328554 0.0247496 18.8248 1.41805
11.7501 0.330049 0.0191199 0.327566 0.0270413 18.7682 1.54935
11.7751 0.329407 0.0210183 0.32684 0.0286119 18.7266 1.63934
11.8001 0.328783 0.0229989 0.326287 0.0309215 18.6949 1.77167
11.8252 0.32826 0.0249934 0.326165 0.0329712 18.6879 1.88911
11.8501 0.327755 0.0271601 0.325734 0.035827 18.6632 2.05274
11.8751 0.327309 0.0293617 0.325525 0.0381681 18.6512 2.18687
11.9001 0.326957 0.0316884 0.325552 0.0409953 18.6527 2.34886
11.9251 0.326711 0.0342043 0.325728 0.0442679 18.6628 2.53636
11.9502 0.326578 0.0367486 0.326047 0.0469258 18.6811 2.68865
11.9751 0.326468 0.0395058 0.326024 0.0505347 18.6798 2.89543
12.0001 0.326377 0.0422818 0.326013 0.0533855 18.6792 3.05876
12.0251 0.326309 0.0449706 0.326037 0.0557257 18.6805 3.19285
12.0501 0.32624 0.0477262 0.325965 0.0587488 18.6764 3.36606
12.0751 0.32622 0.0504837 0.326138 0.0615138 18.6863 3.52448
12.1001 0.326254 0.0531225 0.326394 0.0636775 18.701 3.64845
12.1251 0.326238 0.0558308 0.326173 0.066664 18.6884 3.81956
12.1501 0.326193 0.0585669 0.32601 0.0695111 18.679 3.9827
12.1751 0.326154 0.0611771 0.326 0.0716182 18.6784 4.10342
12.2001 0.326029 0.0638439 0.325528 0.0745111 18.6514 4.26917
12.2251 0.325781 0.0666494 0.324789 0.0778715 18.609 4.46171
12.2501 0.325475 0.06945 0.324251 0.0806523 18.5782 4.62104
12.2751 0.325117 0.0722832 0.323684 0.0836162 18.5457 4.79085
12.3001 0.32482 0.0750031 0.323634 0.0858826 18.5429 4.92071
12.3251 0.324626 0.0774853 0.323848 0.0874139 18.5551 5.00845
12.3501 0.324524 0.0798955 0.324117 0.0895363 18.5705 5.13005
12.3751 0.324473 0.0823111 0.324268 0.0919736 18.5792 5.2697
12.4001 0.324445 0.084701 0.324337 0.0942607 18.5831 5.40074
12.4251 0.324442 0.0870284 0.324427 0.0963382 18.5883 5.51977
12.4501 0.324494 0.0894174 0.324701 0.0989731 18.604 5.67074
12.4751 0.324549 0.0916 0.324771 0.10033 18.608 5.7485
12.5001 0.324565 0.0938439 0.324628 0.10282 18.5998 5.89113
12.5251 0.324528 0.0961151 0.324381 0.1052 18.5857 6.02752
12.5501 0.324479 0.0983144 0.32428 0.107112 18.5799 6.13704
12.5751 0.324408 0.100407 0.324126 0.108777 18.5711 6.23247
12.6002 0.324405 0.102456 0.324393 0.110652 18.5864 6.33987
12.6251 0.324508 0.104454 0.324917 0.112446 18.6164 6.4427
12.6501 0.324692 0.106404 0.32543 0.114203 18.6458 6.54337
12.6751 0.324977 0.108415 0.326117 0.11646 18.6851 6.67265
12.7001 0.325338 0.110549 0.326784 0.119083 18.7233 6.82295
12.7251 0.325759 0.112684 0.327442 0.121226 18.761 6.94573
12.7502 0.326261 0.114854 0.328271 0.123532 18.8085 7.07789
12.7751 0.32684 0.116977 0.329155 0.12547 18.8592 7.18889
12.8001 0.327322 0.119017 0.329247 0.127177 18.8644 7.28669
12.8251 0.327782 0.121059 0.329623 0.129227 18.886 7.40419
12.8501 0.328319 0.123011 0.330468 0.130821 18.9344 7.49547
12.8752 0.328919 0.12478 0.331317 0.131854 18.9831 7.5547
12.9001 0.329574 0.126545 0.332193 0.133604 19.0333 7.65494
12.9251 0.330146 0.128274 0.332436 0.135193 19.0472 7.74597
12.9501 0.330603 0.129879 0.332431 0.136299 19.0469 7.80936
12.9751 0.331126 0.131303 0.333218 0.136997 19.092 7.84937
13.0001 0.331615 0.132713 0.333573 0.138351 19.1124 7.92693
13.0251 0.331992 0.134037 0.333498 0.139334 19.108 7.98324
13.0501 0.332463 0.135181 0.334349 0.13976 19.1568 8.00764
13.0751 0.332941 0.136234 0.334853 0.140444 19.1857 8.04684
13.1001 0.333451 0.137267 0.33549 0.141398 19.2222 8.10153
13.1252 0.334046 0.138214 0.336425 0.142002 19.2757 8.13612
13.1501 0.334714 0.13922 0.337387 0.143244 19.3308 8.20728
13.1752 0.335404 0.140218 0.338164 0.144212 19.3754 8.26273
13.2001 0.336221 0.141218 0.33949 0.145215 19.4513 8.32023
13.2251 0.337035 0.142217 0.340291 0.146213 19.4973 8.37739
13.2501 0.337831 0.143218 0.341016 0.147225 19.5388 8.43538
13.2751 0.338607 0.144158 0.341709 0.147917 19.5785 8.47503
13.3001 0.339469 0.144977 0.342918 0.148253 19.6478 8.4943
13.3251 0.340386 0.145689 0.344055 0.148534 19.7129 8.51036
13.3501 0.341313 0.146377 0.345021 0.149129 19.7682 8.54445
13.3751 0.342197 0.147095 0.34573 0.149968 19.8089 8.59254
13.4001 0.343077 0.147918 0.346599 0.15121 19.8587 8.66369
13.4251 0.343893 0.148673 0.347154 0.151693 19.8905 8.69135
13.4501 0.344641 0.149349 0.347637 0.152052 19.9181 8.71192
13.4751 0.345299 0.149996 0.347929 0.152588 19.9349 8.74262
13.5001 0.345895 0.150624 0.348282 0.153133 19.9551 8.77386
13.5251 0.346557 0.151255 0.349203 0.153781 20.0078 8.81102
13.5501 0.347323 0.151948 0.350389 0.154718 20.0758 8.86467
13.5751 0.34809 0.152692 0.351155 0.155669 20.1197 8.91916
13.6001 0.349003 0.153397 0.352658 0.156218 20.2058 8.95065
13.6251 0.349977 0.15409 0.353874 0.156862 20.2755 8.9875
13.6501 0.350922 0.154744 0.354702 0.157359 20.3229 9.01602
13.6752 0.351867 0.155381 0.355647 0.157931 20.377 9.04876
13.7001 0.352855 0.156009 0.356804 0.158521 20.4434 9.0826
13.7251 0.353878 0.15657 0.35797 0.158812 20.5102 9.09925
13.7501 0.354831 0.157087 0.358646 0.159157 20.5489 9.11905
13.7751 0.355685 0.15754 0.359098 0.15935 20.5748 9.1301
13.8002 0.356459 0.157961 0.359555 0.159646 20.601 9.14703
13.8251 0.357082 0.158295 0.359576 0.159632 20.6022 9.14626
13.8501 0.357619 0.158655 0.359763 0.160093 20.6129 9.17268
13.8751 0.35811 0.158967 0.360074 0.160215 20.6307 9.17963
13.9001 0.358545 0.159175 0.360284 0.160006 20.6428 9.16765
13.9251 0.358885 0.159353 0.360245 0.160066 20.6405 9.17108
13.9502 0.359097 0.159539 0.359948 0.160286 20.6235 9.1837
13.9751 0.359315 0.159744 0.360187 0.160563 20.6372 9.19959
14.0001 0.359501 0.159899 0.360241 0.16052 20.6403 9.19712
14.0251 0.359754 0.160146 0.360767 0.161132 20.6704 9.23218
14.0501 0.360088 0.160524 0.361424 0.162036 20.7081 9.28396
14.0752 0.360449 0.161033 0.361895 0.163069 20.7351 9.34319
14.1001 0.360731 0.161784 0.36186 0.16479 20.733 9.44175
14.1251 0.361032 0.162616 0.362236 0.165943 20.7546 9.50786
14.1501 0.361373 0.163438 0.362734 0.166725 20.7831 9.55263
14.1751 0.361821 0.164202 0.363613 0.167257 20.8335 9.5831
14.2001 0.362249 0.164868 0.363963 0.167535 20.8536 9.59907
14.2251 0.362642 0.165393 0.364214 0.167491 20.8679 9.59651
14.2501 0.362998 0.165816 0.364421 0.167511 20.8798 9.59766
14.2752 0.363277 0.166183 0.364392 0.16765 20.8781 9.60565
14.3001 0.36353 0.166485 0.364544 0.167691 20.8868 9.60801
14.3251 0.363809 0.166692 0.364925 0.16752 20.9086 9.59818
14.3501 0.364046 0.166883 0.364993 0.167647 20.9126 9.60548
14.3751 0.364287 0.166899 0.365249 0.166966 20.9272 9.56642
14.4001 0.364497 0.16666 0.365338 0.165703 20.9323 9.49406
14.4251 0.364681 0.166149 0.365416 0.164106 20.9368 9.40256
14.4501 0.364821 0.165374 0.365381 0.162272 20.9348 9.29751
14.4752 0.364818 0.164131 0.364808 0.159162 20.9019 9.1193
14.5001 0.364657 0.162282 0.364012 0.154886 20.8563 8.87429
14.5251 0.36439 0.160031 0.363322 0.151026 20.8168 8.65315
14.5501 0.363948 0.157188 0.362181 0.145815 20.7515 8.3546
14.5751 0.363462 0.154179 0.361518 0.142142 20.7135 8.14416
14.6001 0.36278 0.15043 0.360052 0.135435 20.6295 7.75988
14.6251 0.361935 0.146139 0.358553 0.128973 20.5436 7.3896
14.6501 0.360889 0.141463 0.356704 0.122762 20.4376 7.03374
14.6751 0.359584 0.1368 0.354367 0.118147 20.3038 6.7693
14.7001 0.357963 0.1319 0.351476 0.112298 20.1381 6.4342
14.7251 0.356216 0.126707 0.349231 0.105937 20.0095 6.06972
14.7501 0.354559 0.121493 0.34793 0.100637 19.9349 5.76606
14.7751 0.353027 0.116141 0.346897 0.0947327 19.8758 5.42779
14.8001 0.351723 0.110737 0.346508 0.0891238 19.8534 5.10642
14.8251 0.350634 0.105512 0.346277 0.0846084 19.8402 4.8477
14.8501 0.349685 0.100329 0.345891 0.0795966 19.8181 4.56055
14.8752 0.348841 0.0953363 0.345464 0.0753667 19.7936 4.31819
14.9001 0.348101 0.0907111 0.345142 0.0722103 19.7752 4.13734
14.9251 0.347489 0.0862624 0.34504 0.0684675 19.7693 3.9229
14.9501 0.346954 0.0820831 0.344813 0.0653659 19.7563 3.74519
14.9751 0.3465 0.0782651 0.344687 0.0629933 19.7491 3.60925
15.0001 0.346114 0.0746718 0.344567 0.0602984 19.7422 3.45485
15.0252 0.345826 0.0712556 0.344673 0.0575907 19.7483 3.2997
15.0501 0.345697 0.0679991 0.345185 0.0549732 19.7776 3.14973
15.0751 0.345715 0.0649342 0.345786 0.0526746 19.8121 3.01803
15.1001 0.345696 0.0619917 0.345619 0.0502215 19.8025 2.87748
15.1251 0.345589 0.0590783 0.345161 0.0474249 19.7763 2.71725
15.1501 0.345469 0.0562334 0.344988 0.044854 19.7663 2.56994
15.1751 0.345341 0.053219 0.344829 0.0411612 19.7572 2.35836
15.2001 0.34513 0.0500738 0.344288 0.037493 19.7263 2.14819
15.2251 0.344893 0.046848 0.343942 0.0339449 19.7064 1.9449
15.2501 0.344617 0.0433969 0.343517 0.0295924 19.6821 1.69552
15.2751 0.344313 0.0397785 0.343093 0.0253047 19.6578 1.44985
15.3001 0.344023 0.0361272 0.342862 0.021522 19.6445 1.23312
15.3251 0.343652 0.032335 0.342167 0.0171662 19.6047 0.98355
15.3501 0.343136 0.0285449 0.341076 0.0133848 19.5422 0.76689
15.3751 0.342544 0.0248567 0.340175 0.0101038 19.4906 0.578907
15.4001 0.341871 0.0213106 0.339176 0.007126 19.4334 0.40829
15.4251 0.341065 0.0180744 0.337843 0.00512977 19.357 0.293914
15.4501 0.340297 0.0151353 0.337224 0.00337909 19.3215 0.193608
15.4751 0.339473 0.0124252 0.336179 0.00158481 19.2616 0.0908031
15.5001 0.338667 0.00993407 0.335441 -3.06001e-05 19.2194 -0.00175326
15.5252 0.337914 0.00765078 0.334903 -0.00148239 19.1885 -0.084935
15.5501 0.337273 0.00541375 0.334708 -0.00353438 19.1774 -0.202505
15.5751 0.336703 0.00325165 0.334423 -0.00539675 19.1611 -0.309211
15.6001 0.336303 0.00117324 0.334702 -0.00714037 19.177 -0.409113
15.6251 0.336046 -0.00108929 0.335017 -0.0101394 19.1951 -0.580947
15.6501 0.335936 -0.00354185 0.335498 -0.0133521 19.2226 -0.765018
15.6751 0.3359 -0.0060261 0.335756 -0.0159631 19.2374 -0.914617
15.7001 0.335924 -0.00862294 0.33602 -0.0190103 19.2526 -1.08921
15.7251 0.336032 -0.0114116 0.336462 -0.0225663 19.2779 -1.29295
15.7501 0.336149 -0.0143417 0.336619 -0.0260619 19.2868 -1.49324
15.7751 0.33626 -0.0173137 0.336701 -0.029202 19.2916 -1.67315
15.8001 0.336271 -0.0203084 0.336314 -0.0322873 19.2694 -1.84992
15.8251 0.336199 -0.023267 0.335915 -0.0351012 19.2465 -2.01115
15.8502 0.336133 -0.0262074 0.335869 -0.037969 19.2439 -2.17546
15.8751 0.336065 -0.0292219 0.33579 -0.0412798 19.2394 -2.36516
15.9001 0.336002 -0.0323297 0.335753 -0.0447609 19.2372 -2.56461
15.9251 0.335969 -0.0353571 0.335835 -0.047467 19.2419 -2.71966
15.9501 0.335859 -0.0383152 0.335418 -0.0501476 19.2181 -2.87325
15.9752 0.33573 -0.0411772 0.335214 -0.0526249 19.2063 -3.01519
16.0003 0.335591 -0.0438459 0.335036 -0.054521 19.1962 -3.12382
16.0251 0.335469 -0.0462801 0.334981 -0.0560167 19.193 -3.20952
16.0501 0.335393 -0.0483576 0.335087 -0.0566678 19.1991 -3.24682
16.0751 0.335313 -0.0500404 0.334993 -0.0567717 19.1937 -3.25278
16.1001 0.335256 -0.0512281 0.335026 -0.0559786 19.1956 -3.20734
16.1251 0.335282 -0.0519041 0.335389 -0.0546083 19.2164 -3.12883
16.1501 0.335364 -0.0521097 0.335691 -0.0529318 19.2337 -3.03277
16.1751 0.335491 -0.0519091 0.335998 -0.0511069 19.2512 -2.92821
16.2001 0.33559 -0.0513682 0.335985 -0.0492046 19.2505 -2.81921
16.2251 0.335729 -0.050647 0.336285 -0.0477622 19.2677 -2.73657
16.2501 0.335952 -0.0498046 0.336845 -0.0464349 19.2998 -2.66053
16.2751 0.336166 -0.0488518 0.337024 -0.0450405 19.31 -2.58063
16.3001 0.336319 -0.0478061 0.336931 -0.0436234 19.3047 -2.49943
16.3251 0.33651 -0.0466404 0.337273 -0.0419777 19.3243 -2.40514
16.3501 0.336806 -0.0453267 0.33799 -0.0400719 19.3654 -2.29595
16.3751 0.337138 -0.0439479 0.338464 -0.0384326 19.3926 -2.20203
16.4001 0.337604 -0.0421586 0.339472 -0.0350016 19.4503 -2.00545
16.4251 0.338245 -0.0400773 0.340806 -0.031752 19.5268 -1.81926
16.4502 0.339026 -0.0377786 0.34215 -0.0285837 19.6037 -1.63772
16.4751 0.339728 -0.035458 0.342537 -0.0261755 19.6259 -1.49974
16.5001 0.340381 -0.033083 0.342995 -0.0235831 19.6522 -1.35121
16.5251 0.341042 -0.0306726 0.343686 -0.021031 19.6918 -1.20499
16.5501 0.34175 -0.028433 0.344583 -0.0194749 19.7431 -1.11583
16.5751 0.342517 -0.0263947 0.345584 -0.0182414 19.8005 -1.04515
16.6001 0.343214 -0.0243708 0.346003 -0.0162752 19.8245 -0.932498
16.6251 0.34387 -0.0224599 0.346492 -0.0148162 19.8525 -0.848905
16.6501 0.3444 -0.0205686 0.346522 -0.0130037 19.8542 -0.745059
16.6751 0.344527 -0.0184929 0.345031 -0.0101902 19.7688 -0.583853
16.7001 0.344261 -0.0164022 0.3432 -0.00803903 19.6639 -0.460603
16.7251 0.34359 -0.014404 0.340906 -0.00641157 19.5324 -0.367356
16.7501 0.342601 -0.0125629 0.338644 -0.00519832 19.4029 -0.297842
16.7752 0.341384 -0.0108984 0.336516 -0.00424062 19.281 -0.24297
16.8001 0.339841 -0.00944506 0.333671 -0.00363151 19.118 -0.20807
16.8251 0.338108 -0.00816712 0.331175 -0.00305536 18.9749 -0.175059
16.8501 0.336254 -0.00702234 0.328839 -0.00244321 18.8411 -0.139986
16.8751 0.334087 -0.0060052 0.325418 -0.00193663 18.6451 -0.110961
16.9001 0.331672 -0.00505127 0.322009 -0.00123558 18.4498 -0.0707937
16.9251 0.329096 -0.00412904 0.318795 -0.000440097 18.2656 -0.0252157
16.9502 0.32633 -0.00325252 0.315265 0.000253575 18.0634 0.0145288
16.9752 0.323714 -0.00253161 0.313251 0.000352021 17.948 0.0201693
17.0001 0.321349 -0.00200896 0.311887 8.16328e-05 17.8698 0.00467722
17.0251 0.319221 -0.0016071 0.310708 3.27541e-07 17.8023 1.87667e-05
17.0501 0.317114 -0.00118748 0.308688 0.000491029 17.6865 0.0281339
17.0751 0.315178 -0.000811077 0.307432 0.000694519 17.6146 0.039793
17.1001 0.313197 -0.00044706 0.305276 0.00100901 17.491 0.057812
17.1251 0.311091 -0.000107155 0.302665 0.00125246 17.3414 0.0717609
17.1501 0.308632 0.000397882 0.298797 0.00241803 17.1198 0.138543
17.1751 0.306052 0.000971129 0.295731 0.00326412 16.9441 0.18702
17.2001 0.303267 0.00161743 0.292127 0.00420265 16.7377 0.240794
17.2251 0.300186 0.00237088 0.287863 0.00538468 16.4933 0.30852
17.2501 0.2971 0.00321689 0.284755 0.0066009 16.3153 0.378204
17.2751 0.294067 0.00390437 0.281936 0.00665432 16.1537 0.381265
17.3001 0.291196 0.00446215 0.279709 0.00669328 16.0261 0.383496
17.3251 0.288659 0.0048675 0.278512 0.0064889 15.9575 0.371786
17.3501 0.28637 0.00519897 0.277214 0.00652484 15.8832 0.373846
17.3751 0.284252 0.00543051 0.275782 0.00635669 15.8011 0.364212
17.4002 0.282283 0.00563289 0.274409 0.0064424 15.7225 0.369122
17.4251 0.280355 0.00581157 0.272641 0.00652631 15.6212 0.37393
17.4501 0.27839 0.00595902 0.270531 0.00654879 15.5003 0.375218
17.4751 0.276411 0.00606875 0.268494 0.0065077 15.3836 0.372864
17.5002 0.274354 0.00615691 0.266127 0.00650955 15.2479 0.37297
17.5251 0.272292 0.00625397 0.264045 0.00664218 15.1286 0.380569
17.5501 0.270299 0.00632523 0.262326 0.00661026 15.0302 0.37874
17.5751 0.268248 0.00639149 0.260045 0.00665652 14.8995 0.381391
17.6001 0.266253 0.00640899 0.25827 0.00647899 14.7978 0.371219
17.6252 0.264421 0.00643079 0.257095 0.00651799 14.7305 0.373453
17.6501 0.262637 0.00645071 0.255503 0.00653039 14.6393 0.374164
17.6752 0.260814 0.00647666 0.253519 0.00658047 14.5256 0.377033
17.7001 0.258999 0.00650101 0.25174 0.00659839 14.4236 0.37806
17.7251 0.257136 0.00652817 0.249684 0.00663682 14.3058 0.380262
17.7501 0.255303 0.0065206 0.247973 0.00649031 14.2078 0.371867
17.7751 0.253399 0.0065586 0.24578 0.00671059 14.0822 0.384489
17.8001 0.251367 0.00657109 0.24324 0.00662108 13.9366 0.37936
17.8251 0.249325 0.00654073 0.241157 0.00641929 13.8173 0.367798
17.8501 0.247274 0.00654424 0.239069 0.00655829 13.6977 0.375762
17.8751 0.245336 0.00652837 0.237587 0.00646489 13.6127 0.370411
17.9001 0.243408 0.0065017 0.235695 0.00639499 13.5043 0.366406
17.9251 0.241366 0.00649721 0.233195 0.00647926 13.3611 0.371234
17.9501 0.239402 0.00651021 0.231548 0.00656222 13.2667 0.375988
17.9751 0.237326 0.00649652 0.229021 0.00644176 13.1219 0.369085
18.0001 0.2351 0.0065351 0.226199 0.00668944 12.9602 0.383276
18.0252 0.233074 0.00661182 0.224968 0.00691867 12.8897 0.396411
18.0502 0.231378 0.00662149 0.224597 0.00666016 12.8684 0.381599
18.0751 0.229864 0.00662017 0.223805 0.00661491 12.8231 0.379006
18.1001 0.228516 0.00660718 0.223123 0.00655522 12.784 0.375587
18.1251 0.227279 0.0066134 0.222332 0.00663826 12.7387 0.380344
18.1502 0.226215 0.00660943 0.221961 0.00659356 12.7174 0.377783
18.1751 0.22534 0.00660483 0.221838 0.00658646 12.7104 0.377376
18.2001 0.224688 0.00661044 0.222082 0.00663286 12.7244 0.380035
18.2251 0.224085 0.0066383 0.22167 0.00674973 12.7007 0.386731
18.2501 0.223538 0.00666988 0.221354 0.00679621 12.6826 0.389394
18.2751 0.223061 0.0066915 0.22115 0.00677797 12.671 0.388349
18.3001 0.22271 0.00670509 0.221309 0.00675948 12.6801 0.38729
18.3251 0.22256 0.00670477 0.221959 0.00670345 12.7173 0.38408
18.3501 0.222566 0.00671346 0.222589 0.00674821 12.7534 0.386644
18.3751 0.222584 0.00672347 0.222656 0.0067635 12.7573 0.38752
18.4002 0.222661 0.00674503 0.222968 0.00683129 12.7752 0.391404
18.4251 0.222916 0.00679822 0.223937 0.007011 12.8306 0.4017
18.4501 0.223528 0.00681991 0.225979 0.00690665 12.9476 0.395722
18.4751 0.224342 0.00681371 0.227597 0.00678894 13.0403 0.388978
18.5001 0.225704 0.00682655 0.231151 0.00687789 13.2439 0.394074
18.5251 0.227641 0.00679745 0.235392 0.00668107 13.487 0.382797
18.5501 0.230141 0.00678188 0.24014 0.00671958 13.759 0.385003
18.5751 0.232947 0.00676108 0.24417 0.00667786 13.9899 0.382613
18.6001 0.236127 0.0067664 0.248847 0.00678772 14.2579 0.388907
18.6251 0.239652 0.00675776 0.253754 0.00672316 14.539 0.385209
18.6501 0.243226 0.00677402 0.257521 0.00683906 14.7549 0.391849
18.6751 0.247058 0.00677085 0.262386 0.00675818 15.0336 0.387215
18.7001 0.251096 0.00673373 0.267246 0.00658523 15.3121 0.377306
18.7251 0.255042 0.00671776 0.270829 0.00665388 15.5173 0.381239
18.7501 0.259065 0.0067228 0.275156 0.00674299 15.7653 0.386345
18.7751 0.263255 0.00673225 0.280015 0.00677001 16.0437 0.387893
18.8002 0.267438 0.00674035 0.284168 0.00677276 16.2816 0.388051
18.8252 0.271754 0.00671008 0.289019 0.006589 16.5596 0.377522
18.8501 0.276327 0.0066281 0.29462 0.00630017 16.8805 0.360973
18.8751 0.280896 0.00662786 0.29917 0.00662689 17.1412 0.379693
18.9001 0.285835 0.00661701 0.305591 0.00657365 17.5091 0.376642
18.9251 0.290961 0.0065992 0.311463 0.00652796 17.8455 0.374025
18.9501 0.295959 0.00657684 0.315955 0.00648739 18.1029 0.3717
18.9751 0.300878 0.00661895 0.320553 0.0067874 18.3664 0.388889
19.0001 0.305754 0.00663159 0.325255 0.00668216 18.6358 0.38286
19.0251 0.310559 0.00667378 0.329781 0.0068425 18.895 0.392046
19.0501 0.315148 0.00673145 0.333504 0.00696215 19.1084 0.398902
19.0751 0.319683 0.00676305 0.337822 0.00688944 19.3558 0.394736
19.1001 0.324104 0.00681498 0.34179 0.00702268 19.5831 0.40237
19.1251 0.32821 0.00685734 0.344634 0.0070268 19.7461 0.402606
19.1501 0.332062 0.00689734 0.347468 0.00705733 19.9085 0.404355
19.1751 0.335701 0.00688315 0.350256 0.00682642 20.0682 0.391125
19.2001 0.338912 0.00702651 0.351759 0.00759993 20.1543 0.435444
19.2251 0.341717 0.00736338 0.352934 0.00871087 20.2216 0.499096
19.2501 0.34412 0.00781872 0.353736 0.00964007 20.2676 0.552336
19.2751 0.346258 0.00828971 0.35481 0.0101737 20.3291 0.58291
19.3001 0.348408 0.00873197 0.357008 0.010501 20.4551 0.601664
19.3251 0.350613 0.00911402 0.359434 0.0106422 20.5941 0.609754
19.3501 0.352734 0.0093952 0.361214 0.0105199 20.6961 0.602747
19.3751 0.354744 0.0095663 0.362786 0.0102507 20.7861 0.587322
19.4001 0.356581 0.00972333 0.363928 0.0103515 20.8516 0.593095
19.4251 0.358132 0.00984532 0.364335 0.0103333 20.8749 0.592053
19.4501 0.35939 0.00994621 0.364423 0.0103498 20.8799 0.592999
19.4751 0.360498 0.0100283 0.364931 0.0103568 20.909 0.593401
19.5001 0.361526 0.0100643 0.365638 0.0102082 20.9495 0.584884
19.5251 0.362542 0.0100652 0.366605 0.010069 21.0049 0.576909
19.5501 0.363574 0.0100483 0.367704 0.00998041 21.0679 0.571836
19.5752 0.364626 0.0100631 0.368833 0.0101224 21.1326 0.579972
19.6002 0.365754 0.0100848 0.370267 0.0101716 21.2147 0.58279
19.6251 0.366951 0.0100633 0.37174 0.0099772 21.2991 0.571651
19.6501 0.3681 0.0100174 0.372693 0.00983372 21.3538 0.563431
19.6751 0.369279 0.00988941 0.373997 0.00937761 21.4285 0.537297
19.7001 0.370465 0.0096565 0.375209 0.00872485 21.4979 0.499897
19.7252 0.371657 0.00937254 0.376425 0.00823669 21.5675 0.471928
19.7501 0.372818 0.00900595 0.377462 0.0075396 21.627 0.431987
19.7751 0.374421 0.00848729 0.380833 0.00641263 21.8201 0.367416
19.8001 0.376189 0.00792572 0.383262 0.00567947 21.9593 0.32541
19.8251 0.377852 0.00747214 0.384501 0.00565782 22.0303 0.324169
19.8502 0.379359 0.00711003 0.385387 0.00566158 22.0811 0.324385
19.8751 0.38091 0.00669361 0.387118 0.00502793 22.1802 0.288079
19.9001 0.382423 0.00614235 0.388472 0.00393732 22.2578 0.225592
19.9251 0.383728 0.00547907 0.388948 0.00282597 22.2851 0.161916
19.9501 0.384641 0.00478691 0.388296 0.00201827 22.2477 0.115639
19.9752 0.385173 0.00421173 0.387301 0.001911 22.1907 0.109492
20.0001 0.385476 0.00369648 0.386688 0.00163546 22.1556 0.0937052
20.0252 0.385664 0.00315105 0.386414 0.000969339 22.1399 0.055539
20.0501 0.385925 0.00257321 0.38697 0.000261868 22.1718 0.0150039
20.0751 0.386243 0.00193404 0.387514 -0.000622672 22.2029 -0.0356765
20.1001 0.386476 0.00137656 0.387409 -0.000853343 22.1969 -0.0488929
20.1251 0.386579 0.000925467 0.386992 -0.000878912 22.173 -0.0503579
20.1501 0.386776 0.000456428 0.387562 -0.00141973 22.2057 -0.0813444
20.1751 0.387163 -0.000103827 0.388713 -0.00234485 22.2716 -0.13435
20.2001 0.387615 -0.000629374 0.389422 -0.00273156 22.3122 -0.156507
20.2251 0.388117 -0.000991178 0.390124 -0.0024384 22.3524 -0.13971
20.2501 0.38866 -0.00120134 0.390835 -0.00204197 22.3932 -0.116996
20.2751 0.38927 -0.0012734 0.39171 -0.00156166 22.4433 -0.0894765
20.3001 0.390009 -0.00117825 0.392963 -0.000797646 22.5151 -0.0457018
20.3251 0.391066 -0.001025 0.395293 -0.000411987 22.6486 -0.0236051
20.3502 0.392508 -0.000832136 0.398279 -6.06887e-05 22.8197 -0.0034772
20.3751 0.394167 -0.000596848 0.400802 0.000344306 22.9643 0.0197273
20.4001 0.396053 -0.000311475 0.403598 0.000830017 23.1245 0.0475565
20.4251 0.398071 -6.81273e-05 0.406142 0.000905262 23.2702 0.0518677
20.4501 0.400051 0.000105392 0.407972 0.000799468 23.3751 0.0458061
20.4751 0.401921 0.000235281 0.409397 0.00075484 23.4567 0.0432491
20.5001 0.403488 0.000341569 0.40976 0.000766718 23.4775 0.0439297
20.5251 0.404849 0.000381903 0.410293 0.00054324 23.508 0.0311254
20.5501 0.406089 0.000277948 0.411047 -0.00013787 23.5513 -0.0078994
20.5751 0.407277 4.22078e-05 0.412031 -0.000900754 23.6076 -0.0516094
20.6001 0.408214 -0.000159902 0.411963 -0.000968342 23.6037 -0.0554819
20.6251 0.409039 -0.000320559 0.412336 -0.000963187 23.6251 -0.0551865
20.6502 0.409844 -0.000479895 0.413064 -0.00111724 23.6668 -0.064013
20.6751 0.410633 -0.000599259 0.413792 -0.00107672 23.7085 -0.0616913
20.7001 0.411523 -0.000729454 0.415082 -0.00125023 23.7824 -0.0716332
20.7251 0.412564 -0.000942664 0.416726 -0.0017955 23.8766 -0.102875
20.7501 0.41356 -0.00120711 0.417546 -0.00226491 23.9236 -0.12977
20.7751 0.414401 -0.00152776 0.417763 -0.00281034 23.9361 -0.161021
20.8001 0.414968 -0.00195813 0.417238 -0.00367963 23.906 -0.210827
20.8251 0.415159 -0.00239617 0.41592 -0.00414831 23.8305 -0.237681
20.8501 0.415035 -0.00297135 0.414539 -0.00527208 23.7513 -0.302068
20.8751 0.414804 -0.00380033 0.413883 -0.00711626 23.7137 -0.407732
20.9001 0.414559 -0.00467686 0.413576 -0.00818299 23.6962 -0.468851
20.9251 0.414349 -0.00561186 0.413513 -0.00935185 23.6925 -0.535821
20.9501 0.414293 -0.00649984 0.414067 -0.0100518 23.7243 -0.575923
20.9752 0.414339 -0.0072769 0.414524 -0.0103851 23.7505 -0.595024
21.0001 0.414327 -0.00782101 0.41428 -0.00999748 23.7365 -0.572813
21.0251 0.414232 -0.00796397 0.41385 -0.00853579 23.7118 -0.489065
21.0502 0.414126 -0.00785067 0.413702 -0.00739746 23.7034 -0.423843
21.0751 0.413908 -0.00763772 0.413038 -0.00678593 23.6653 -0.388805
21.1001 0.413333 -0.00727769 0.41103 -0.00583758 23.5503 -0.334469
21.1251 0.412275 -0.00685272 0.408043 -0.00515281 23.3791 -0.295235
21.1501 0.41076 -0.00646715 0.404699 -0.00492489 23.1876 -0.282175
21.1752 0.408487 -0.00617553 0.399398 -0.00500905 22.8838 -0.286997
21.2001 0.4052 -0.00574244 0.39205 -0.00401007 22.4628 -0.22976
21.2251 0.40124 -0.00516354 0.385402 -0.00284794 22.0819 -0.163175
21.2501 0.396563 -0.00449886 0.377853 -0.00184017 21.6494 -0.105434
21.2751 0.391371 -0.00355485 0.370606 0.000221191 21.2341 0.0126733
21.3001 0.386135 -0.00241511 0.365189 0.00214387 20.9238 0.122834
21.3252 0.381036 -0.00119736 0.36064 0.00367366 20.6632 0.210485
21.3501 0.376244 2.79869e-05 0.357076 0.00492936 20.4589 0.282431
21.3751 0.371857 0.00125302 0.35431 0.00615314 20.3005 0.352549
21.4001 0.367726 0.0025049 0.3512 0.00751241 20.1223 0.430429
21.4252 0.363817 0.00360729 0.348182 0.00801686 19.9494 0.459332
21.4501 0.360348 0.00457975 0.346471 0.00846962 19.8513 0.485273
21.4751 0.357166 0.00532909 0.344438 0.00832642 19.7348 0.477069
21.5001 0.354137 0.00589517 0.342023 0.00815948 19.5965 0.467504
21.5251 0.351381 0.00634401 0.340357 0.00813939 19.501 0.466353
21.5501 0.348833 0.00669293 0.338641 0.0080886 19.4027 0.463443
21.5752 0.346579 0.00687443 0.337564 0.00760041 19.341 0.435472
21.6002 0.344802 0.00686548 0.337693 0.00682967 19.3484 0.391311
21.6252 0.343367 0.00658039 0.337628 0.00544004 19.3447 0.311691
21.6501 0.34199 0.00614649 0.33648 0.00441088 19.2789 0.252725
21.6751 0.340701 0.00572641 0.335544 0.0040461 19.2253 0.231824
21.7001 0.339654 0.00523739 0.335468 0.00328132 19.2209 0.188006
21.7251 0.338968 0.00461293 0.336225 0.00211507 19.2643 0.121185
21.7501 0.338544 0.00393064 0.336845 0.00120151 19.2998 0.0688413
21.7751 0.338292 0.00337579 0.337286 0.00115639 19.3251 0.0662563
21.8001 0.338249 0.00300089 0.338075 0.00150126 19.3703 0.0860157
21.8251 0.338403 0.00268681 0.33902 0.00143051 19.4244 0.0819622
21.8501 0.338753 0.00240881 0.340155 0.0012968 19.4895 0.0743013
21.8751 0.339273 0.00217221 0.341349 0.00122582 19.5579 0.0702341
21.9001 0.340022 0.00188444 0.343018 0.000733362 19.6535 0.0420185
21.9251 0.340867 0.00156654 0.344246 0.000294914 19.7239 0.0168973
21.9501 0.341712 0.00137632 0.345095 0.000615446 19.7725 0.0352625
21.9751 0.3426 0.00116694 0.346152 0.000329432 19.8331 0.0188751
22.0002 0.343546 0.000908093 0.347328 -0.000127297 19.9005 -0.00729358
22.0251 0.344681 0.00052246 0.349222 -0.00102007 20.0089 -0.0584457
22.0501 0.346158 -8.54273e-05 0.352063 -0.00251698 20.1718 -0.144212
22.0751 0.347754 -0.000828527 0.354137 -0.00380093 20.2906 -0.217777
22.1001 0.349434 -0.00160769 0.356154 -0.00472437 20.4061 -0.270686
22.1252 0.351273 -0.00240286 0.358629 -0.00558353 20.5479 -0.319913
22.1501 0.353178 -0.00326277 0.360798 -0.0067024 20.6722 -0.384019
22.1751 0.355131 -0.00427089 0.362945 -0.0083034 20.7952 -0.47575
22.2001 0.357028 -0.00540747 0.364614 -0.00995375 20.8909 -0.570308
22.2252 0.358696 -0.00651665 0.36537 -0.0109534 20.9341 -0.627582
22.2501 0.36012 -0.00768557 0.365813 -0.0123612 20.9595 -0.708247
22.2752 0.361341 -0.00899913 0.366225 -0.0142534 20.9831 -0.816659
22.3001 0.362408 -0.010448 0.366679 -0.0162434 21.0092 -0.930677
22.3251 0.363339 -0.0121155 0.367061 -0.0187856 21.0311 -1.07634
22.3501 0.364074 -0.0139537 0.367014 -0.0213065 21.0283 -1.22078
22.3751 0.364594 -0.015646 0.366677 -0.0224153 21.009 -1.2843
22.4001 0.364927 -0.0175968 0.366259 -0.0253998 20.9851 -1.4553
22.4251 0.365047 -0.0195466 0.365524 -0.027346 20.943 -1.56681
22.4501 0.364963 -0.0215117 0.364628 -0.0293723 20.8917 -1.68291
22.4751 0.36474 -0.0235118 0.36385 -0.0315122 20.8471 -1.80552
22.5001 0.364261 -0.0255047 0.362345 -0.0334761 20.7608 -1.91804
22.5252 0.363592 -0.0275671 0.360913 -0.0358168 20.6788 -2.05215
22.5501 0.362907 -0.0297848 0.360167 -0.0386557 20.6361 -2.21481
22.5751 0.362172 -0.0322993 0.359234 -0.0423571 20.5826 -2.42688
22.6001 0.361381 -0.0351667 0.358215 -0.0466362 20.5242 -2.67206
22.6251 0.360619 -0.0382195 0.357572 -0.0504306 20.4873 -2.88946
22.6501 0.359954 -0.0416761 0.357296 -0.0555028 20.4715 -3.18008
22.6751 0.359395 -0.0455893 0.357158 -0.0612419 20.4637 -3.5089
22.7001 0.358802 -0.0495553 0.356431 -0.0654195 20.422 -3.74826
22.7251 0.358015 -0.0536144 0.354864 -0.0698507 20.3322 -4.00215
22.7501 0.356871 -0.0577173 0.352298 -0.074129 20.1852 -4.24728
22.7751 0.355431 -0.0616111 0.349671 -0.077186 20.0347 -4.42243
22.8001 0.353471 -0.0655146 0.345628 -0.0811286 19.803 -4.64833
22.8251 0.351086 -0.0695295 0.341548 -0.0855893 19.5693 -4.90391
22.8501 0.348579 -0.0735353 0.33855 -0.0895586 19.3975 -5.13133
22.8751 0.346003 -0.077775 0.3357 -0.0947334 19.2342 -5.42783
22.9001 0.34336 -0.0823032 0.332788 -0.100416 19.0673 -5.75343
22.9252 0.340801 -0.0868484 0.330562 -0.105029 18.9398 -6.01771
22.9502 0.338254 -0.0915291 0.328068 -0.110252 18.7969 -6.31698
22.9751 0.33585 -0.0961276 0.326232 -0.114522 18.6917 -6.56161
23.0001 0.33352 -0.100608 0.324202 -0.11853 18.5754 -6.79126
23.0252 0.331333 -0.104672 0.322587 -0.120925 18.4829 -6.92852
23.0501 0.329324 -0.108476 0.321286 -0.123695 18.4083 -7.0872
23.0752 0.327609 -0.111839 0.320751 -0.125291 18.3777 -7.17866
23.1001 0.326077 -0.114853 0.319949 -0.12691 18.3317 -7.27143
23.1251 0.324846 -0.117485 0.31992 -0.128012 18.3301 -7.33456
23.1501 0.324038 -0.119829 0.320807 -0.129206 18.3809 -7.40295
23.1751 0.323497 -0.12186 0.321334 -0.129984 18.4111 -7.44751
23.2001 0.323253 -0.12379 0.322277 -0.13151 18.4651 -7.535
23.2251 0.323292 -0.125651 0.323449 -0.133094 18.5323 -7.62571
23.2501 0.323567 -0.127406 0.324664 -0.134424 18.6019 -7.70192
23.2751 0.324019 -0.129154 0.325827 -0.136146 18.6685 -7.80058
23.3001 0.324572 -0.130882 0.326783 -0.137795 18.7233 -7.89505
23.3251 0.324985 -0.132505 0.326641 -0.138999 18.7151 -7.96407
23.3501 0.325154 -0.13403 0.325828 -0.140127 18.6686 -8.02869
23.3751 0.325147 -0.135366 0.325121 -0.140712 18.6281 -8.0622
23.4001 0.325 -0.136415 0.324412 -0.140609 18.5875 -8.05631
23.4251 0.324687 -0.137121 0.323433 -0.139946 18.5313 -8.01834
23.4501 0.324292 -0.137505 0.322712 -0.139042 18.49 -7.96651
23.4751 0.323966 -0.137597 0.322662 -0.137967 18.4872 -7.9049
23.5001 0.323841 -0.137389 0.323341 -0.136557 18.5261 -7.82413
23.5251 0.324003 -0.136825 0.324651 -0.134569 18.6012 -7.71026
23.5501 0.324389 -0.135856 0.325931 -0.13198 18.6744 -7.56187
23.5752 0.32482 -0.134223 0.326547 -0.12769 18.7097 -7.31609
23.6001 0.325411 -0.13196 0.327776 -0.122909 18.7802 -7.04214
23.6251 0.326192 -0.12927 0.329312 -0.118508 18.8682 -6.79003
23.6502 0.327262 -0.125892 0.331544 -0.11238 18.9961 -6.4389
23.6751 0.328638 -0.121792 0.334139 -0.105394 19.1448 -6.03864
23.7001 0.330381 -0.117013 0.337355 -0.0978949 19.329 -5.60896
23.7251 0.332332 -0.112032 0.340134 -0.0921066 19.4882 -5.27732
23.7501 0.334572 -0.106743 0.343536 -0.0855868 19.6831 -4.90377
23.7751 0.336829 -0.101759 0.345856 -0.0818252 19.8161 -4.68824
23.8001 0.339426 -0.0965552 0.349813 -0.0757397 20.0428 -4.33957
23.8252 0.342156 -0.0914531 0.353077 -0.0710447 20.2298 -4.07056
23.8501 0.344772 -0.0865166 0.355233 -0.0667707 20.3534 -3.82568
23.8751 0.346912 -0.0817389 0.355472 -0.0626281 20.3671 -3.58833
23.9001 0.348758 -0.07702 0.356144 -0.0581442 20.4055 -3.33142
23.9251 0.35027 -0.072367 0.356319 -0.053755 20.4156 -3.07993
23.9501 0.35136 -0.0678774 0.35572 -0.0499193 20.3813 -2.86017
23.9751 0.352215 -0.0633869 0.355632 -0.0454245 20.3762 -2.60263
24.0001 0.352904 -0.0589922 0.355664 -0.0414135 20.378 -2.37282
24.0251 0.353526 -0.0549128 0.356015 -0.0385953 20.3981 -2.21135
24.0501 0.354156 -0.0509704 0.356675 -0.0352009 20.436 -2.01686
24.0751 0.354794 -0.0471366 0.357348 -0.0318015 20.4745 -1.82209
24.1001 0.355437 -0.0435219 0.358006 -0.0290632 20.5122 -1.6652
24.1252 0.355893 -0.0398204 0.357716 -0.0250144 20.4956 -1.43322
24.1501 0.356226 -0.0359602 0.357562 -0.0205194 20.4868 -1.17568
24.1751 0.356483 -0.0320441 0.357511 -0.0163796 20.4839 -0.93848
24.2001 0.356633 -0.027884 0.357234 -0.0112434 20.468 -0.644201
24.2251 0.35664 -0.0236489 0.356665 -0.00670864 20.4354 -0.384376
24.2501 0.356562 -0.0195379 0.356253 -0.00309405 20.4118 -0.177276
24.2751 0.356575 -0.0155709 0.356626 0.000297141 20.4332 0.0170249
24.3001 0.356529 -0.0119374 0.356344 0.00259667 20.417 0.148779
24.3251 0.356412 -0.00887109 0.355946 0.00339412 20.3942 0.194468
24.3501 0.356346 -0.00639455 0.356081 0.00351163 20.4019 0.201202
24.3752 0.356302 -0.00439587 0.356124 0.00359886 20.4044 0.2062
24.4001 0.356263 -0.00281084 0.356107 0.00352929 20.4034 0.202214
24.4251 0.356159 -0.00153367 0.355742 0.00357499 20.3825 0.204832
24.4501 0.355918 -0.000433666 0.354953 0.00396635 20.3373 0.227255
24.4752 0.355544 0.000508879 0.354051 0.00427906 20.2856 0.245172
24.5001 0.354778 0.00152124 0.351713 0.00557066 20.1516 0.319176
24.5251 0.354183 0.00254999 0.351802 0.00666499 20.1568 0.381876
24.5501 0.353795 0.00361465 0.352243 0.0078733 20.182 0.451107
24.5752 0.353577 0.0047036 0.352705 0.00905942 20.2085 0.519066
24.6001 0.353464 0.00593001 0.353013 0.0108356 20.2262 0.620835
24.6251 0.353377 0.00733695 0.353029 0.0129647 20.2271 0.742824
24.6501 0.353456 0.00868924 0.353771 0.0140984 20.2696 0.807778
24.6751 0.353731 0.0100737 0.354831 0.0156117 20.3303 0.894487
24.7001 0.354078 0.0116406 0.355469 0.017908 20.3668 1.02605
24.7251 0.354348 0.013336 0.355429 0.0201175 20.3646 1.15265
24.7501 0.354467 0.0153672 0.354939 0.0234922 20.3365 1.346
24.7751 0.354608 0.0176306 0.355176 0.0266843 20.3501 1.5289
24.8001 0.354744 0.0199652 0.355287 0.0293033 20.3565 1.67896
24.8251 0.354899 0.0224714 0.35552 0.0324965 20.3698 1.86191
24.8501 0.355187 0.025084 0.356338 0.0355345 20.4167 2.03598
24.8751 0.355532 0.0277084 0.356913 0.0382061 20.4496 2.18905
24.9001 0.355858 0.0305815 0.357158 0.0420738 20.4637 2.41065
24.9251 0.356189 0.0336045 0.357515 0.0456964 20.4841 2.61821
24.9501 0.356479 0.0366042 0.357641 0.0486031 20.4913 2.78475
24.9751 0.356659 0.0396989 0.357377 0.0520774 20.4762 2.98382
25.0001 0.35681 0.0426245 0.357416 0.0543268 20.4784 3.1127
25.0251 0.356954 0.0454143 0.357528 0.0565735 20.4848 3.24142
25.0501 0.357093 0.048016 0.357648 0.0584231 20.4917 3.3474
25.0751 0.357275 0.0506341 0.358003 0.0611062 20.5121 3.50113
25.1001 0.357543 0.0533551 0.358615 0.0642392 20.5471 3.68064
25.1251 0.35785 0.0560685 0.359079 0.0669223 20.5737 3.83437
25.1501 0.358069 0.0590989 0.358942 0.0712202 20.5659 4.08061
25.1751 0.35827 0.0623766 0.359074 0.0754874 20.5734 4.32511
25.2001 0.358568 0.0657818 0.359763 0.0794025 20.6129 4.54943
25.2251 0.359092 0.0695523 0.361185 0.0846344 20.6944 4.8492
25.2501 0.359768 0.0736502 0.362473 0.0900417 20.7682 5.15901
25.2752 0.360549 0.0776749 0.363672 0.0937738 20.8369 5.37284
25.3001 0.36139 0.0816866 0.364757 0.0977334 20.899 5.59971
25.3251 0.362232 0.0856559 0.365599 0.101533 20.9473 5.81742
25.3501 0.363088 0.0893962 0.36651 0.104357 20.9995 5.97924
25.3751 0.364052 0.0928954 0.367908 0.106892 21.0796 6.12446
25.4001 0.36497 0.0961605 0.368642 0.109221 21.1217 6.2579
25.4251 0.365758 0.0991634 0.368909 0.111175 21.137 6.36986
25.4501 0.366529 0.101894 0.369615 0.112818 21.1774 6.46397
25.4751 0.367325 0.104406 0.370507 0.114452 21.2285 6.55761
25.5001 0.36799 0.106827 0.370649 0.116511 21.2366 6.67557
25.5251 0.368487 0.109351 0.370477 0.119447 21.2268 6.84383
25.5501 0.368953 0.111848 0.370817 0.121838 21.2463 6.98082
25.5751 0.369377 0.114268 0.371071 0.123947 21.2608 7.10166
25.6001 0.369851 0.116715 0.371748 0.126501 21.2996 7.24797
25.6251 0.370423 0.119011 0.372713 0.128197 21.3549 7.34516
25.6501 0.37086 0.121277 0.372606 0.130339 21.3487 7.46787
25.6751 0.371121 0.123374 0.372165 0.131762 21.3235 7.54943
25.7002 0.371208 0.125318 0.371558 0.133096 21.2887 7.62582
25.7251 0.371077 0.127137 0.37055 0.13441 21.231 7.70115
25.7501 0.370884 0.128667 0.370112 0.134787 21.2058 7.7227
25.7751 0.370565 0.129969 0.369291 0.135178 21.1588 7.74511
25.8002 0.370228 0.131086 0.368878 0.135554 21.1352 7.76669
25.8251 0.369936 0.13202 0.368768 0.135756 21.1288 7.77826
25.8501 0.369689 0.132723 0.368703 0.135533 21.1251 7.76545
25.8751 0.369478 0.133267 0.368634 0.135446 21.1212 7.7605
25.9001 0.369278 0.133702 0.368479 0.135438 21.1123 7.76004
25.9251 0.369109 0.134049 0.368431 0.135441 21.1095 7.76018
25.9501 0.369066 0.134273 0.368897 0.135167 21.1362 7.74449
25.9751 0.36915 0.134258 0.369482 0.134198 21.1698 7.689
26.0001 0.369213 0.133951 0.369466 0.132723 21.1688 7.60448
26.0251 0.369252 0.133487 0.369409 0.131632 21.1656 7.54198
26.0501 0.369272 0.132854 0.369351 0.13032 21.1622 7.46678
26.0751 0.369116 0.131988 0.368493 0.128523 21.1131 7.36384
26.1001 0.368974 0.130745 0.368406 0.125776 21.1081 7.20641
26.1252 0.368915 0.129095 0.368681 0.122495 21.1239 7.01842
26.1501 0.368852 0.126869 0.368597 0.117965 21.119 6.75889
26.1751 0.368838 0.123975 0.368786 0.112397 21.1299 6.43987
26.2002 0.368938 0.120684 0.369335 0.107522 21.1613 6.16057
26.2251 0.369127 0.116945 0.369886 0.101987 21.1929 5.84345
26.2501 0.36928 0.112913 0.369891 0.0967836 21.1932 5.54529
26.2751 0.369316 0.108878 0.369457 0.0927412 21.1683 5.31368
26.3001 0.369183 0.104729 0.368654 0.0881297 21.1223 5.04946
26.3251 0.369047 0.100376 0.368503 0.0829653 21.1136 4.75356
26.3501 0.368853 0.095845 0.368074 0.0777211 21.0891 4.45309
26.3751 0.368625 0.0913786 0.367716 0.073513 21.0686 4.21198
26.4001 0.368304 0.0869016 0.367019 0.0689938 21.0287 3.95305
26.4251 0.367912 0.0824315 0.366346 0.0645508 20.9901 3.69849
26.4501 0.36748 0.078137 0.365752 0.060959 20.956 3.49269
26.4751 0.367002 0.0737531 0.36509 0.0562177 20.9181 3.22104
26.5001 0.366687 0.0691489 0.365425 0.050732 20.9373 2.90673
26.5251 0.366534 0.0645526 0.365925 0.0461676 20.966 2.64521
26.5501 0.366433 0.0596859 0.366029 0.0402189 20.9719 2.30437
26.5751 0.366332 0.0545558 0.365926 0.0340356 20.966 1.9501
26.6002 0.366241 0.0494701 0.365875 0.0291273 20.9631 1.66887
26.6251 0.365958 0.044591 0.36483 0.0250747 20.9032 1.43667
26.6501 0.365346 0.0400307 0.362894 0.0217892 20.7923 1.24843
26.6751 0.364588 0.0358444 0.361557 0.0190995 20.7157 1.09432
26.7001 0.363732 0.0318447 0.360309 0.0158455 20.6442 0.907883
26.7251 0.36301 0.0279251 0.360121 0.0122468 20.6334 0.701689
26.7501 0.362441 0.0242288 0.360166 0.00944381 20.636 0.54109
26.7751 0.362079 0.0205544 0.360633 0.0058569 20.6627 0.335576
26.8001 0.361997 0.0169939 0.361667 0.00275193 20.722 0.157674
26.8251 0.362177 0.0138806 0.362896 0.00142715 20.7924 0.0817699
26.8501 0.362622 0.0111172 0.364403 6.35607e-05 20.8788 0.00364176
26.8751 0.36316 0.00871934 0.365311 -0.000872008 20.9308 -0.0499624
26.9001 0.363586 0.00661389 0.365292 -0.00180791 20.9297 -0.103585
26.9251 0.363902 0.00461265 0.365164 -0.00339231 20.9224 -0.194365
26.9501 0.364205 0.00259959 0.365418 -0.00545266 20.9369 -0.312415
26.9751 0.364483 0.000697901 0.365597 -0.00690884 20.9472 -0.395848
27.0001 0.364971 -0.00159608 0.366922 -0.010772 21.0231 -0.617191
27.0251 0.365643 -0.00426154 0.36833 -0.0149234 21.1037 -0.855046
27.0501 0.366466 -0.00731252 0.36976 -0.0195164 21.1857 -1.11821
27.0751 0.367368 -0.010645 0.370976 -0.0239748 21.2553 -1.37366
27.1001 0.368277 -0.0143619 0.371913 -0.0292295 21.3091 -1.67473
27.1251 0.369187 -0.0184173 0.372828 -0.0346391 21.3615 -1.98468
27.1502 0.370171 -0.0226176 0.374107 -0.0394188 21.4347 -2.25853
27.1751 0.371612 -0.0272968 0.377373 -0.0460134 21.6219 -2.63637
27.2001 0.373367 -0.0324518 0.380391 -0.053072 21.7948 -3.0408
27.2251 0.375279 -0.0376891 0.382923 -0.0586385 21.9399 -3.35974
27.2501 0.377391 -0.0433367 0.385843 -0.065927 22.1072 -3.77734
27.2751 0.379674 -0.0494022 0.388802 -0.0736643 22.2767 -4.22065
27.3001 0.381914 -0.0554897 0.390877 -0.0798395 22.3956 -4.57447
27.3251 0.384105 -0.0618351 0.392866 -0.0872169 22.5096 -4.99716
27.3501 0.386301 -0.0682954 0.395085 -0.0941362 22.6367 -5.39361
27.3751 0.388403 -0.0745944 0.396814 -0.0997907 22.7358 -5.71759
27.4001 0.390376 -0.0809063 0.398265 -0.106154 22.8189 -6.08217
27.4251 0.392197 -0.0871248 0.399482 -0.111999 22.8886 -6.41706
27.4501 0.393699 -0.0928202 0.399707 -0.115602 22.9015 -6.62349
27.4751 0.394728 -0.0982317 0.398845 -0.119878 22.8521 -6.86849
27.5001 0.395308 -0.103296 0.39763 -0.123552 22.7825 -7.07904
27.5252 0.395682 -0.108007 0.397176 -0.126854 22.7565 -7.26818
27.5501 0.395853 -0.112571 0.396536 -0.130827 22.7199 -7.49585
27.5751 0.395933 -0.117017 0.396252 -0.134799 22.7036 -7.72341
27.6001 0.396044 -0.121355 0.396488 -0.13871 22.7171 -7.94749
27.6251 0.396175 -0.125951 0.396699 -0.144335 22.7292 -8.26976
27.6501 0.396335 -0.130815 0.396973 -0.15027 22.7449 -8.60982
27.6751 0.39647 -0.135627 0.397014 -0.154877 22.7472 -8.8738
27.7001 0.396664 -0.140655 0.39744 -0.160766 22.7716 -9.21121
27.7251 0.397028 -0.145986 0.398485 -0.167309 22.8315 -9.5861
27.7501 0.397561 -0.151597 0.399691 -0.174043 22.9006 -9.97192
27.7751 0.398183 -0.157268 0.40067 -0.17995 22.9567 -10.3104
27.8001 0.39892 -0.16315 0.401868 -0.186678 23.0253 -10.6959
27.8252 0.399669 -0.169045 0.402668 -0.192626 23.0712 -11.0367
27.8501 0.400277 -0.174563 0.402706 -0.196635 23.0734 -11.2663
27.8751 0.400723 -0.179904 0.402508 -0.201267 23.062 -11.5318
27.9001 0.401036 -0.184907 0.402289 -0.20492 23.0495 -11.7411
27.9251 0.401222 -0.189373 0.401964 -0.207237 23.0308 -11.8738
27.9501 0.401251 -0.193354 0.40137 -0.209278 22.9968 -11.9907
27.9751 0.401134 -0.196826 0.400664 -0.210713 22.9563 -12.0729
28.0001 0.40095 -0.199836 0.400214 -0.211875 22.9306 -12.1395
28.0251 0.400796 -0.202618 0.40018 -0.213749 22.9286 -12.2469
28.0502 0.400772 -0.205054 0.400678 -0.214795 22.9572 -12.3069
28.0752 0.400794 -0.207075 0.400881 -0.215162 22.9688 -12.3279
28.1001 0.400849 -0.208717 0.401069 -0.215285 22.9795 -12.3349
28.1251 0.400904 -0.209767 0.401126 -0.213964 22.9828 -12.2592
28.1501 0.400958 -0.210283 0.401175 -0.212348 22.9856 -12.1666
28.1751 0.401095 -0.210129 0.401644 -0.209512 23.0125 -12.0042
28.2001 0.401326 -0.209215 0.40225 -0.205559 23.0472 -11.7776
28.2251 0.401617 -0.207762 0.402781 -0.201949 23.0777 -11.5708
28.2501 0.402046 -0.205639 0.403762 -0.197149 23.1339 -11.2958
28.2751 0.402608 -0.202648 0.404857 -0.190682 23.1966 -10.9253
28.3001 0.403185 -0.198886 0.40549 -0.183837 23.2328 -10.5331
28.3251 0.403797 -0.194239 0.406247 -0.175654 23.2762 -10.0642
28.3501 0.404448 -0.188823 0.407051 -0.167157 23.3223 -9.57736
28.3751 0.404993 -0.183244 0.407174 -0.160927 23.3293 -9.22047
28.4001 0.405377 -0.176698 0.406913 -0.150515 23.3144 -8.62385
28.4251 0.405472 -0.16964 0.40585 -0.141409 23.2535 -8.10211
28.4502 0.40528 -0.162163 0.404515 -0.132257 23.177 -7.57777
28.4751 0.40495 -0.1548 0.403628 -0.125348 23.1262 -7.18194
28.5001 0.404591 -0.147322 0.403156 -0.117406 23.0991 -6.72689
28.5251 0.404184 -0.139802 0.402555 -0.109722 23.0647 -6.2866
28.5501 0.40386 -0.132761 0.402563 -0.104598 23.0651 -5.99301
28.5751 0.403529 -0.126004 0.402207 -0.0989783 23.0448 -5.67104
28.6001 0.403137 -0.119474 0.401568 -0.0933517 23.0081 -5.34866
28.6251 0.402854 -0.113547 0.401721 -0.0898412 23.0169 -5.14752
28.6501 0.402745 -0.108075 0.402311 -0.0861846 23.0507 -4.93801
28.6751 0.40272 -0.102836 0.402623 -0.0818788 23.0686 -4.69131
28.7001 0.402571 -0.0979112 0.401971 -0.0782138 23.0312 -4.48132
28.7251 0.402277 -0.0928932 0.401104 -0.0728212 22.9815 -4.17235
28.7501 0.401834 -0.0876634 0.400062 -0.0667442 22.9219 -3.82416
28.7751 0.401362 -0.0824212 0.399473 -0.0614526 22.8881 -3.52097
28.8001 0.400861 -0.0770886 0.398858 -0.0557581 22.8529 -3.1947
28.8251 0.400241 -0.0716981 0.397758 -0.0501359 22.7899 -2.87258
28.8501 0.399502 -0.066369 0.396549 -0.0450527 22.7206 -2.58133
28.8751 0.398659 -0.0610643 0.395284 -0.0398457 22.6481 -2.28299
28.9001 0.397852 -0.0560469 0.394624 -0.0359773 22.6103 -2.06135
28.9251 0.397146 -0.0515068 0.394324 -0.0333462 22.5931 -1.9106
28.9501 0.396482 -0.0471843 0.393827 -0.0298941 22.5646 -1.71281
28.9751 0.395819 -0.0431031 0.393168 -0.0267782 22.5268 -1.53428
29.0001 0.395211 -0.0391777 0.392779 -0.0234765 22.5046 -1.3451
29.0251 0.394729 -0.0353833 0.392801 -0.0202055 22.5058 -1.15769
29.0501 0.39426 -0.0314017 0.392384 -0.0154752 22.482 -0.886661
29.0751 0.393761 -0.0277936 0.391765 -0.0133616 22.4465 -0.765561
29.1001 0.393158 -0.0243166 0.390744 -0.0104082 22.388 -0.596345
29.1251 0.392593 -0.0208339 0.390336 -0.00690321 22.3646 -0.395525
29.1501 0.391982 -0.0173012 0.389536 -0.0031705 22.3187 -0.181656
29.1751 0.391426 -0.0140094 0.389205 -0.000842043 22.2998 -0.0482455
29.2001 0.390865 -0.0108561 0.388622 0.00175706 22.2664 0.100672
29.2251 0.390269 -0.00768927 0.387882 0.00497799 22.224 0.285218
29.2501 0.389766 -0.00460808 0.387757 0.00771668 22.2168 0.442133
29.2751 0.389405 -0.00140937 0.387961 0.0113855 22.2285 0.65234
29.3001 0.389204 0.00193803 0.388401 0.0153276 22.2538 0.878207
29.3251 0.389069 0.00546408 0.388528 0.0195683 22.261 1.12118
29.3501 0.388952 0.00945058 0.388481 0.0253966 22.2583 1.45512
29.3752 0.388904 0.0137348 0.388714 0.0308716 22.2717 1.76881
29.4001 0.388831 0.0180403 0.388538 0.0352622 22.2616 2.02037
29.4251 0.38878 0.0224778 0.388574 0.040228 22.2636 2.30489
29.4502 0.38875 0.027036 0.388632 0.0452691 22.267 2.59373
29.4751 0.38879 0.0314537 0.388948 0.0491241 22.2851 2.81461
29.5001 0.388895 0.0359445 0.389316 0.053908 22.3061 3.0887
29.5251 0.388943 0.0405409 0.389134 0.0589265 22.2957 3.37624
29.5501 0.388998 0.044942 0.389219 0.0625464 22.3006 3.58365
29.5751 0.389049 0.0494726 0.389254 0.067595 22.3026 3.87291
29.6001 0.389073 0.0543165 0.389167 0.0736921 22.2976 4.22225
29.6251 0.389143 0.059042 0.389422 0.077944 22.3122 4.46586
29.6501 0.389145 0.0637475 0.389157 0.0825697 22.297 4.73089
29.6751 0.389099 0.0685277 0.388914 0.0876484 22.2831 5.02188
29.7001 0.389064 0.07334 0.388923 0.0925891 22.2836 5.30496
29.7251 0.389197 0.0778927 0.389732 0.0961037 22.33 5.50633
29.7501 0.389508 0.0821869 0.39075 0.0993638 22.3883 5.69312
29.7751 0.389824 0.0859693 0.391088 0.101099 22.4077 5.79253
29.8001 0.390264 0.0895123 0.392024 0.103684 22.4613 5.94066
29.8251 0.390853 0.0928822 0.393208 0.106362 22.5292 6.09409
29.8501 0.391616 0.0962501 0.394671 0.109722 22.613 6.2866
29.8751 0.392381 0.0994891 0.395439 0.112445 22.657 6.44263
29.9001 0.393151 0.102757 0.396232 0.11583 22.7024 6.63659
29.9251 0.394009 0.106065 0.39744 0.119293 22.7716 6.835
29.9501 0.394846 0.10934 0.398193 0.122441 22.8148 7.01535
29.9751 0.395574 0.11262 0.398486 0.12574 22.8316 7.2044
30.0001 0.396289 0.115812 0.399148 0.128581 22.8695 7.36717
30.0251 0.39701 0.118802 0.399893 0.130759 22.9122 7.49195
30.0501 0.397835 0.12156 0.401136 0.132592 22.9834 7.59699
30.0751 0.398491 0.123863 0.401114 0.133076 22.9821 7.62469
30.1001 0.399008 0.125675 0.401076 0.132922 22.9799 7.61588
30.1251 0.399481 0.126919 0.401376 0.131893 22.9972 7.55694
30.1501 0.399815 0.127546 0.401149 0.130058 22.9841 7.45176
30.1751 0.399944 0.127694 0.400462 0.128286 22.9448 7.35023
30.2001 0.399833 0.127243 0.399388 0.125437 22.8833 7.18703
30.2251 0.39952 0.126169 0.398268 0.121872 22.819 6.98275
30.2501 0.399062 0.124662 0.397232 0.118637 22.7597 6.7974
30.2751 0.398311 0.122514 0.395304 0.113921 22.6493 6.5272
30.3001 0.397127 0.119676 0.392393 0.108323 22.4825 6.20646
30.3251 0.395488 0.116109 0.388934 0.10184 22.2843 5.83499
30.3501 0.393604 0.112103 0.386068 0.0960804 22.1201 5.505
30.3751 0.391544 0.107642 0.383301 0.0897989 21.9615 5.1451
30.4001 0.389303 0.102873 0.380339 0.0837943 21.7918 4.80106
30.4251 0.38705 0.0978597 0.378036 0.077808 21.6599 4.45807
30.4501 0.384615 0.0925773 0.374877 0.0714476 21.4789 4.09365
30.4751 0.382296 0.0875996 0.373021 0.0676887 21.3725 3.87828
30.5001 0.379854 0.0823465 0.370085 0.0613343 21.2043 3.5142
30.5251 0.377452 0.0770487 0.367843 0.0558574 21.0758 3.20039
30.5501 0.37488 0.0714827 0.364591 0.0492187 20.8895 2.82002
30.5751 0.372364 0.0663624 0.362303 0.045881 20.7584 2.62879
30.6001 0.369682 0.0613772 0.358952 0.0414366 20.5665 2.37414
30.6251 0.36693 0.0563937 0.355923 0.0364596 20.3929 2.08898
30.6501 0.364304 0.0513227 0.353801 0.0310385 20.2713 1.77837
30.6751 0.361878 0.0458396 0.352174 0.0239076 20.1781 1.3698
30.7001 0.359828 0.0398763 0.351627 0.0160228 20.1468 0.918038
30.7251 0.358289 0.0337044 0.352135 0.00901705 20.1759 0.516639
30.7501 0.357392 0.0275757 0.3538 0.00306081 20.2713 0.175371
30.7751 0.357059 0.0213305 0.355726 -0.00365055 20.3816 -0.209161
30.8001 0.357022 0.0154567 0.356878 -0.00803816 20.4476 -0.460553
30.8252 0.357119 0.0100156 0.357505 -0.011749 20.4835 -0.673167
30.8501 0.357257 0.00501163 0.357807 -0.0150042 20.5009 -0.859677
30.8751 0.357621 0.000389434 0.359081 -0.0180994 20.5738 -1.03702
30.9001 0.358301 -0.00394966 0.361018 -0.021306 20.6848 -1.22074
30.9251 0.359429 -0.00800835 0.363942 -0.0242431 20.8523 -1.38903
30.9501 0.360754 -0.0116223 0.366054 -0.0260783 20.9734 -1.49418
30.9751 0.362194 -0.0147776 0.367954 -0.0273985 21.0822 -1.56982
31.0001 0.363537 -0.0173942 0.368908 -0.0278608 21.1369 -1.59631
31.0251 0.364589 -0.019181 0.368796 -0.0263281 21.1304 -1.50849
31.0501 0.365363 -0.0202185 0.368459 -0.0243688 21.1111 -1.39623
31.0751 0.366016 -0.0204238 0.36863 -0.021245 21.1209 -1.21725
31.1001 0.36667 -0.0199182 0.369287 -0.0178958 21.1586 -1.02536
31.1251 0.367303 -0.0189352 0.369835 -0.015003 21.19 -0.859608
31.1501 0.368052 -0.0174402 0.371049 -0.0114601 21.2596 -0.656613
31.1751 0.368877 -0.0157097 0.372175 -0.00878799 21.324 -0.503515
31.2001 0.370268 -0.0136904 0.37583 -0.0056132 21.5335 -0.321612
31.2251 0.372132 -0.0121879 0.37959 -0.00617798 21.7489 -0.353972
31.2501 0.374264 -0.0111409 0.382794 -0.00695294 21.9325 -0.398374
31.2751 0.37602 -0.0102559 0.383042 -0.00671598 21.9467 -0.384797
31.3001 0.376932 -0.00939776 0.380581 -0.00596505 21.8057 -0.341772
31.3251 0.376593 -0.0082859 0.375234 -0.00383842 21.4993 -0.219925
31.3501 0.375291 -0.00698679 0.370082 -0.00179036 21.2042 -0.10258
31.3751 0.372891 -0.00551977 0.363295 0.000348325 20.8152 0.0199575
31.4001 0.369458 -0.00393788 0.355726 0.00238964 20.3816 0.136917
31.4251 0.365468 -0.00230826 0.349508 0.00421023 20.0253 0.241228
31.4501 0.360907 -0.000663929 0.342661 0.0059134 19.633 0.338813
31.4752 0.356048 0.000723239 0.336615 0.00627191 19.2866 0.359354
31.5001 0.351507 0.00186867 0.333341 0.00645038 19.099 0.369579
31.5251 0.347187 0.00274581 0.329908 0.0062544 18.9023 0.358351
31.5501 0.342881 0.00339394 0.325659 0.00598642 18.6589 0.342997
31.5751 0.338641 0.00387393 0.321678 0.00579392 18.4308 0.331967
31.6001 0.33415 0.00429171 0.316187 0.00596281 18.1162 0.341644
31.6251 0.329404 0.00460089 0.31042 0.00583764 17.7858 0.334472
31.6501 0.324617 0.00488065 0.305471 0.00599969 17.5022 0.343757
31.6751 0.319772 0.00509608 0.300393 0.00595777 17.2113 0.341355
31.7001 0.315163 0.00521531 0.296724 0.00569224 17.001 0.326141
31.7251 0.310698 0.00529446 0.292837 0.00561105 16.7783 0.32149
31.7501 0.306551 0.00535253 0.289963 0.00558483 16.6137 0.319987
31.7751 0.302527 0.00540189 0.28643 0.00559931 16.4113 0.320817
31.8001 0.298627 0.00549107 0.283029 0.00584782 16.2164 0.335055
31.8251 0.295048 0.00557552 0.28073 0.00591331 16.0846 0.338808
31.8501 0.291644 0.00562193 0.278032 0.00580757 15.93 0.332749
31.8751 0.288516 0.00563935 0.276001 0.00570901 15.8137 0.327102
31.9001 0.285181 0.00565601 0.271843 0.00572268 15.5755 0.327885
31.9251 0.281719 0.00567139 0.267869 0.00573291 15.3477 0.328472
31.9501 0.278157 0.00567376 0.263909 0.00568321 15.1209 0.325624
31.9751 0.274584 0.00570634 0.260293 0.00583669 14.9137 0.334418
32.0001 0.270942 0.00573229 0.256374 0.00583609 14.6891 0.334383
32.0251 0.267232 0.00573715 0.252394 0.00575656 14.4611 0.329827
32.0501 0.26357 0.00574477 0.248918 0.00577527 14.262 0.330898
32.0751 0.259941 0.00578917 0.245425 0.00596677 14.0618 0.341871
32.1001 0.256648 0.00581824 0.243478 0.0059345 13.9503 0.340022
32.1251 0.253731 0.00585595 0.242063 0.00600678 13.8692 0.344163
32.1501 0.251155 0.00589385 0.240849 0.00604546 13.7996 0.34638
32.1751 0.249004 0.00596885 0.240398 0.00626883 13.7738 0.359177
32.2001 0.247345 0.0060477 0.240713 0.00636313 13.7918 0.364581
32.2251 0.246276 0.00611348 0.241997 0.00637659 13.8654 0.365352
32.2501 0.245785 0.00615663 0.243824 0.00632922 13.9701 0.362638
32.2751 0.245671 0.00619994 0.245213 0.00637319 14.0497 0.365157
32.3001 0.246088 0.00627105 0.247754 0.00655547 14.1952 0.375601
32.3251 0.247465 0.0063443 0.252976 0.0066373 14.4944 0.380289
32.3501 0.249952 0.00636715 0.259899 0.00645854 14.8911 0.370047
32.3751 0.253231 0.00626779 0.266347 0.00587037 15.2606 0.336347
32.4001 0.257598 0.00627468 0.275065 0.00630222 15.7601 0.361091
32.4251 0.262796 0.00630035 0.283589 0.00640304 16.2484 0.366867
32.4501 0.268327 0.00635211 0.290452 0.00655913 16.6416 0.375811
32.4751 0.274624 0.0064162 0.299813 0.0066726 17.178 0.382312
32.5001 0.281811 0.00646478 0.310558 0.0066591 17.7937 0.381539
32.5251 0.289198 0.00649319 0.318743 0.0066068 18.2627 0.378542
32.5501 0.296987 0.00649247 0.328144 0.00648958 18.8013 0.371825
32.5751 0.304843 0.00654969 0.33627 0.00677857 19.2668 0.388383
32.6001 0.312493 0.00664755 0.343091 0.00703902 19.6576 0.403306
32.6251 0.319886 0.00657297 0.349458 0.00627466 20.0225 0.359512
32.6501 0.326589 0.00659587 0.353399 0.00668746 20.2483 0.383163
32.6752 0.332625 0.00665457 0.356772 0.00688936 20.4415 0.394731
32.7001 0.338275 0.00678325 0.360875 0.007298 20.6766 0.418145
32.7251 0.343638 0.00694902 0.365088 0.00761207 20.918 0.436139
32.7501 0.348763 0.00700556 0.369263 0.00723175 21.1572 0.414349
32.7751 0.353944 0.00687671 0.37467 0.0063613 21.467 0.364476
32.8001 0.359278 0.00663932 0.380612 0.00568977 21.8075 0.326
32.8252 0.364581 0.00623114 0.385791 0.00459839 22.1042 0.263468
32.8501 0.370007 0.0057065 0.391714 0.00360795 22.4436 0.20672
32.8751 0.375397 0.00504244 0.396954 0.00238622 22.7438 0.13672
32.9001 0.380325 0.00450354 0.400039 0.00234792 22.9206 0.134526
32.9251 0.384936 0.00402729 0.403378 0.00212232 23.1119 0.1216
32.9501 0.389111 0.0036836 0.405814 0.0023088 23.2514 0.132285
32.9751 0.392771 0.00345211 0.407411 0.00252616 23.3429 0.144738
33.0001 0.396356 0.00321011 0.410697 0.00224214 23.5312 0.128465
33.0251 0.39989 0.00293865 0.414026 0.00185282 23.7219 0.106158
33.0502 0.403373 0.00261264 0.417304 0.00130858 23.9098 0.0749761
33.0751 0.406788 0.00218757 0.420448 0.000487292 24.0899 0.0279198
33.1001 0.410243 0.00170497 0.424062 -0.000225454 24.297 -0.0129176
33.1251 0.41362 0.00136979 0.427127 2.90664e-05 24.4726 0.00166538
33.1501 0.416892 0.00110282 0.42998 3.49422e-05 24.6361 0.00200204
33.1751 0.42021 0.000764883 0.433484 -0.000586853 24.8368 -0.0336242
33.2001 0.423569 0.000380026 0.437003 -0.0011594 25.0384 -0.0664289
33.2251 0.426833 2.74257e-05 0.439888 -0.00138297 25.2037 -0.0792386
33.2501 0.429976 -0.00036384 0.442548 -0.0019289 25.3562 -0.110518
33.2751 0.432844 -0.000671761 0.444317 -0.00190344 25.4575 -0.109059
33.3001 0.435327 -0.000883967 0.44526 -0.00173279 25.5115 -0.0992816
33.3251 0.437543 -0.00105876 0.446404 -0.00175795 25.5771 -0.100723
33.3501 0.439609 -0.0012566 0.447875 -0.00204794 25.6613 -0.117338
33.3751 0.441483 -0.00142217 0.44898 -0.00208444 25.7247 -0.11943
33.4001 0.443086 -0.00158699 0.449498 -0.00224629 25.7544 -0.128703
33.4251 0.444422 -0.00170182 0.449766 -0.00216112 25.7697 -0.123823
33.4501 0.445478 -0.00175577 0.449699 -0.0019716 25.7659 -0.112964
33.4751 0.446147 -0.00178325 0.448825 -0.00189315 25.7158 -0.108469
33.5002 0.446428 -0.00180844 0.447549 -0.00190922 25.6427 -0.10939
33.5251 0.446446 -0.00189586 0.446519 -0.00224554 25.5837 -0.12866
33.5501 0.446101 -0.00205722 0.44472 -0.00270264 25.4806 -0.15485
33.5751 0.445367 -0.00219997 0.44243 -0.00277096 25.3494 -0.158764
33.6001 0.444359 -0.00231585 0.440331 -0.0027794 25.2291 -0.159248
33.6251 0.442901 -0.00242242 0.437066 -0.00284867 25.042 -0.163217
33.6501 0.441063 -0.0024809 0.43371 -0.00271481 24.8498 -0.155547
33.6751 0.439241 -0.00250603 0.431956 -0.00260656 24.7493 -0.149345
33.7001 0.437279 -0.00262084 0.429428 -0.00308009 24.6044 -0.176476
33.7251 0.435155 -0.0027271 0.42666 -0.00315214 24.4458 -0.180604
33.7501 0.432882 -0.00288196 0.42379 -0.0035014 24.2814 -0.200615
33.7751 0.430609 -0.00307116 0.421519 -0.00382798 24.1513 -0.219327
33.8001 0.428345 -0.00329623 0.419288 -0.00419649 24.0234 -0.240441
33.8251 0.426177 -0.00352411 0.417506 -0.00443562 23.9213 -0.254142
33.8501 0.424188 -0.00380064 0.416232 -0.00490676 23.8483 -0.281137
33.8751 0.422123 -0.0041359 0.413863 -0.00547695 23.7126 -0.313806
33.9001 0.419733 -0.00439424 0.410174 -0.00542759 23.5013 -0.310978
33.9251 0.417166 -0.00465821 0.406897 -0.00571411 23.3135 -0.327394
33.9501 0.414222 -0.00491741 0.402446 -0.00595418 23.0585 -0.341149
33.9751 0.410798 -0.00509494 0.3971 -0.00580507 22.7522 -0.332606
34.0001 0.407147 -0.00521026 0.392543 -0.00567154 22.491 -0.324956
34.0251 0.40323 -0.00528322 0.387563 -0.00557504 22.2058 -0.319426
34.0501 0.399123 -0.00529876 0.382696 -0.00536093 21.9269 -0.307159
34.0751 0.395298 -0.00534813 0.379997 -0.00554563 21.7722 -0.317741
34.1001 0.39206 -0.00553923 0.379107 -0.00630363 21.7212 -0.361171
34.1251 0.389354 -0.00576106 0.37853 -0.00664835 21.6882 -0.380923
34.1501 0.387009 -0.0058523 0.377629 -0.00621728 21.6366 -0.356224
34.1751 0.384733 -0.00572539 0.375628 -0.00521773 21.5219 -0.298954
34.2001 0.382468 -0.00539383 0.37341 -0.00406763 21.3948 -0.233058
34.2251 0.380496 -0.00511981 0.372608 -0.0040237 21.3489 -0.230541
34.2501 0.378661 -0.00482826 0.371321 -0.00366207 21.2751 -0.209821
34.2751 0.376786 -0.00448069 0.369285 -0.00309042 21.1585 -0.177068
34.3001 0.374786 -0.00393376 0.366785 -0.00174606 21.0152 -0.100042
34.3251 0.37288 -0.00330416 0.365257 -0.000785742 20.9277 -0.0450197
34.3501 0.371184 -0.00259094 0.364402 0.000261922 20.8787 0.015007
34.3751 0.36953 -0.00201573 0.362913 0.00028511 20.7934 0.0163356
34.4001 0.367605 -0.00128553 0.359904 0.00163528 20.621 0.0936949
34.4251 0.365699 -0.000587202 0.358073 0.00220611 20.5161 0.126401
34.4501 0.363904 3.49876e-05 0.356726 0.00252374 20.4389 0.1446
34.4751 0.362436 0.000561369 0.356563 0.0026669 20.4296 0.152802
34.5001 0.361375 0.00094872 0.357129 0.00249812 20.462 0.143132
34.5251 0.360429 0.00127663 0.356647 0.00258825 20.4344 0.148296
34.5501 0.359473 0.00164471 0.35565 0.00311703 20.3772 0.178593
34.5751 0.358481 0.00204987 0.354512 0.0036705 20.3121 0.210304
34.6001 0.357331 0.00250302 0.352732 0.00431565 20.2101 0.247268
34.6251 0.356117 0.00297517 0.351259 0.00486374 20.1257 0.278672
34.6501 0.355069 0.0034135 0.350875 0.00516685 20.1036 0.296039
34.6751 0.354063 0.00382257 0.350042 0.00545885 20.0559 0.312769
34.7001 0.353355 0.00410795 0.350525 0.00524949 20.0836 0.300773
34.7251 0.352817 0.00433113 0.350665 0.00522386 20.0917 0.299305
34.7501 0.352333 0.00454494 0.350395 0.00540015 20.0762 0.309406
34.7751 0.352132 0.00463579 0.351327 0.00499919 20.1295 0.286432
34.8001 0.35225 0.00458439 0.352723 0.00437879 20.2095 0.250886
34.8251 0.352572 0.00445914 0.353862 0.00395816 20.2748 0.226786
34.8501 0.352888 0.00432677 0.354149 0.0037973 20.2913 0.217569
34.8751 0.353133 0.00420366 0.354112 0.0037112 20.2891 0.212636
34.9001 0.353514 0.00402904 0.355042 0.00333059 20.3424 0.190829
34.9251 0.354058 0.00381716 0.356234 0.00296962 20.4107 0.170147
34.9501 0.354773 0.00348413 0.35763 0.00215201 20.4907 0.123301
34.9751 0.355491 0.00316355 0.358362 0.00188122 20.5326 0.107786
35.0001 0.35607 0.00292708 0.35839 0.00198123 20.5342 0.113516
35.0251 0.356494 0.00274 0.35819 0.00199168 20.5228 0.114115
35.0501 0.356767 0.00258592 0.357856 0.0019696 20.5036 0.11285
35.0751 0.356931 0.00248652 0.35759 0.00208891 20.4884 0.119686
35.1001 0.357009 0.00242387 0.357321 0.00217325 20.473 0.124518
35.1251 0.35702 0.0024111 0.357063 0.00236001 20.4582 0.135219
35.1501 0.357198 0.00241225 0.357909 0.00241685 20.5067 0.138476
35.1751 0.357548 0.0023205 0.358949 0.00195351 20.5663 0.111928
35.2001 0.357897 0.00223941 0.359292 0.00191505 20.5859 0.109724
35.2251 0.358098 0.00222097 0.3589 0.00214723 20.5635 0.123027
35.2501 0.358384 0.00214556 0.359532 0.00184391 20.5996 0.105648
35.2751 0.358719 0.00205866 0.360059 0.00171105 20.6299 0.0980357
35.3001 0.359028 0.00196108 0.360261 0.00157076 20.6415 0.089998
35.3252 0.359236 0.00189315 0.360067 0.00162144 20.6303 0.0929019
35.3501 0.359352 0.00187566 0.359818 0.00180568 20.6161 0.103458
35.3751 0.359479 0.00188223 0.359986 0.00190851 20.6257 0.109349
35.4001 0.359646 0.00185355 0.360312 0.00173886 20.6444 0.0996293
35.4252 0.359867 0.00175803 0.36075 0.00137596 20.6695 0.0788364
35.4501 0.360095 0.00167038 0.361011 0.00131975 20.6844 0.0756164
35.4751 0.360325 0.00158947 0.361244 0.00126583 20.6978 0.0725269
35.5001 0.360362 0.00162274 0.360511 0.00175582 20.6557 0.100601
35.5251 0.360298 0.00168017 0.360041 0.00190988 20.6288 0.109428
35.5501 0.36022 0.00172565 0.359908 0.0019076 20.6212 0.109297
35.5751 0.360197 0.00173247 0.360107 0.00175974 20.6326 0.100826
35.6001 0.360121 0.00172883 0.359816 0.00171427 20.616 0.0982202
35.6251 0.360121 0.00172883 0.359816 0.00171427 20.616 0.0982202
35.6501 0.360121 0.00172883 0.359816 0.00171427 20.616 0.0982202
35.6751 0.360121 0.00172883 0.359816 0.00171427 20.616 0.0982202
35.7001 0.360121 0.00172883 0.359816 0.00171427 20.616 0.0982202
35.7251 0.360121 0.00172883 0.359816 0.00171427 20.616 0.0982202
