2.418e-05 0 0 0 0 0 0
0.0251432 0 0 0 0 0 0
0.0500714 0 0 0 0 0 0
0.0751086 0 0 0 0 0 0
0.100111 0 0 0 0 0 0
0.125089 0 0 0 0 0 0
0.15006 0 0 0 0 0 0
0.175136 0 0 0 0 0 0
0.200102 0.00220845 -0.000444377 0.0110422 -0.00222189 0.632674 -0.127305
0.225132 0.00432872 -0.000812796 0.0128098 -0.00228647 0.733948 -0.131005
0.250131 0.00608721 -0.00112636 0.0131212 -0.00238063 0.751789 -0.1364
0.275097 0.00747644 -0.00138578 0.0130333 -0.00242344 0.746754 -0.138853
0.300138 0.00851733 -0.00163888 0.0126809 -0.00265126 0.726563 -0.151906
0.325127 0.00950702 -0.00181649 0.0134658 -0.00252695 0.771533 -0.144784
0.350108 0.0105536 -0.00192499 0.0147399 -0.00235898 0.844535 -0.135159
0.375104 0.0117041 -0.0019917 0.016306 -0.00225854 0.934267 -0.129405
0.4001 0.0128156 -0.00201768 0.0172617 -0.00212159 0.989024 -0.121558
0.425098 0.0136384 -0.00203659 0.0169296 -0.00211223 0.969993 -0.121022
0.450169 0.0139654 -0.00204574 0.0152735 -0.00208236 0.875107 -0.11931
0.475134 0.0139032 -0.00205582 0.0136542 -0.00209616 0.78233 -0.120101
0.500114 0.0136912 -0.00205319 0.0128433 -0.00204266 0.735865 -0.117036
0.525099 0.013462 -0.00204631 0.0125451 -0.00201878 0.718782 -0.115668
0.550104 0.0133065 -0.00203783 0.0126848 -0.00200393 0.726784 -0.114817
0.575127 0.0133679 -0.00203373 0.0136135 -0.00201733 0.779996 -0.115585
0.600133 0.0137114 -0.00200398 0.0150851 -0.00188494 0.864311 -0.107999
0.625126 0.0140141 -0.0019887 0.015225 -0.0019276 0.872328 -0.110443
0.65011 0.0140599 -0.00200531 0.0142433 -0.00207175 0.816082 -0.118702
0.675107 0.0138817 -0.00205646 0.0131686 -0.00226104 0.754507 -0.129548
0.700105 0.0137767 -0.00209949 0.0133567 -0.00227163 0.765282 -0.130155
0.725144 0.0138815 -0.00209451 0.0143005 -0.00207457 0.819361 -0.118864
0.750137 0.0139223 -0.00207823 0.0140856 -0.00201312 0.807045 -0.115343
0.775104 0.0143158 -0.0021101 0.0158899 -0.00223758 0.910425 -0.128204
0.800103 0.0154593 -0.00209064 0.0200332 -0.00201278 1.14782 -0.115324
0.825098 0.0170875 -0.00209315 0.0236003 -0.00210321 1.3522 -0.120505
0.850131 0.0192339 -0.00209409 0.0278197 -0.00209783 1.59395 -0.120197
0.875142 0.0210528 -0.00209017 0.0283283 -0.0020745 1.62309 -0.11886
0.900179 0.0222571 -0.00208129 0.0270745 -0.00204579 1.55125 -0.117215
0.925097 0.0232229 -0.00206441 0.0270859 -0.00199687 1.55191 -0.114412
0.950099 0.0240561 -0.00202894 0.027389 -0.00188708 1.56927 -0.108122
0.975149 0.0247392 -0.00202822 0.0274715 -0.00202533 1.574 -0.116043
1.00013 0.0255037 -0.00204081 0.0285616 -0.00209114 1.63646 -0.119814
1.02513 0.0263181 -0.00207836 0.0295757 -0.00222855 1.69456 -0.127687
1.05013 0.0269486 -0.00214857 0.0294705 -0.00242945 1.68854 -0.139197
1.0751 0.0274199 -0.00215514 0.0293054 -0.0021814 1.67908 -0.124985
1.1001 0.0275702 -0.0022168 0.0281713 -0.00246346 1.61409 -0.141146
1.12515 0.0275651 -0.00226346 0.0275445 -0.00245009 1.57818 -0.14038
1.15011 0.0276491 -0.00231095 0.0279853 -0.00250092 1.60344 -0.143292
1.17513 0.0280433 -0.00228437 0.02962 -0.00217803 1.6971 -0.124792
1.20012 0.0288049 -0.0022054 0.0318511 -0.00188953 1.82493 -0.108262
1.22512 0.0298647 -0.00213041 0.0341039 -0.00183046 1.95401 -0.104878
1.25015 0.0308323 -0.00210935 0.034703 -0.0020251 1.98833 -0.11603
1.27514 0.0316556 -0.0020911 0.0349485 -0.00201809 2.0024 -0.115628
1.30015 0.0321944 -0.00209415 0.0343499 -0.00210638 1.9681 -0.120687
1.32531 0.0322089 -0.00209738 0.0322668 -0.0021103 1.84875 -0.120912
1.3501 0.0318578 -0.00211561 0.0304534 -0.00218852 1.74485 -0.125393
1.3751 0.031292 -0.00214791 0.0290288 -0.0022771 1.66323 -0.130468
1.40014 0.0304785 -0.00216281 0.0272247 -0.00222243 1.55986 -0.127336
1.42514 0.029698 -0.00215801 0.0265761 -0.0021388 1.5227 -0.122544
1.4501 0.0289219 -0.00214388 0.0258173 -0.00208734 1.47922 -0.119596
1.47515 0.0281742 -0.00213286 0.0251834 -0.0020888 1.4429 -0.119679
1.5001 0.0274325 -0.00211149 0.0244656 -0.00202598 1.40178 -0.11608
1.52515 0.026784 -0.00210096 0.0241903 -0.00205888 1.386 -0.117965
1.55011 0.026268 -0.00212803 0.0242038 -0.00223627 1.38677 -0.128129
1.5751 0.0258401 -0.00218703 0.0241285 -0.00242306 1.38246 -0.138831
1.6001 0.0254957 -0.00220879 0.0241179 -0.0022958 1.38185 -0.13154
1.62512 0.0252347 -0.00223618 0.0241911 -0.00234577 1.38605 -0.134403
1.65011 0.025168 -0.00227983 0.0249009 -0.00245444 1.42672 -0.140629
1.67513 0.0253403 -0.00234388 0.0260295 -0.00260008 1.49138 -0.148974
1.70011 0.0257533 -0.0023966 0.0274054 -0.00260747 1.57021 -0.149397
1.72513 0.0262771 -0.0024328 0.0283723 -0.00257761 1.62561 -0.147686
1.7501 0.0268403 -0.00247653 0.0290929 -0.00265145 1.6669 -0.151917
1.77511 0.0272874 -0.00253751 0.0290759 -0.00278141 1.66592 -0.159363
1.80011 0.0278073 -0.00256256 0.0298869 -0.00266274 1.71239 -0.152564
1.82514 0.028432 -0.00259545 0.0309311 -0.00272702 1.77222 -0.156246
1.8501 0.0291749 -0.00271747 0.0321463 -0.00320556 1.84185 -0.183665
1.87513 0.0299151 -0.00300738 0.0328759 -0.004167 1.88365 -0.238752
1.90015 0.0307243 -0.00355179 0.0339613 -0.00572944 1.94584 -0.328273
1.92514 0.0319394 -0.00468459 0.0367998 -0.00921579 2.10847 -0.528026
1.95013 0.0337074 -0.00653032 0.0407792 -0.0139132 2.33648 -0.797169
1.9751 0.0356487 -0.00879836 0.043414 -0.0178705 2.48744 -1.02391
2.0001 0.0374362 -0.0114244 0.0445863 -0.0219287 2.55461 -1.25642
2.02509 0.0390571 -0.0144472 0.0455407 -0.0265383 2.60929 -1.52053
2.05015 0.0406048 -0.0179235 0.0467952 -0.0318288 2.68117 -1.82366
2.07513 0.042058 -0.0216057 0.0478708 -0.0363344 2.7428 -2.08181
2.1001 0.0433301 -0.025406 0.0484189 -0.0406072 2.7742 -2.32662
2.1251 0.0444304 -0.0292643 0.0488315 -0.0446976 2.79784 -2.56099
2.1501 0.0454617 -0.0331199 0.0495867 -0.0485421 2.84111 -2.78125
2.17512 0.0466632 -0.0372741 0.0514695 -0.0538912 2.94898 -3.08774
2.20014 0.0479364 -0.0416052 0.053029 -0.0589295 3.03834 -3.37641
2.22514 0.0492662 -0.0460256 0.0545855 -0.0637074 3.12752 -3.65017
2.2501 0.0506236 -0.0506939 0.0560533 -0.0693671 3.21161 -3.97444
2.2751 0.0517441 -0.0552842 0.0562261 -0.073645 3.22152 -4.21955
2.3001 0.0528272 -0.0597946 0.0571595 -0.0778363 3.275 -4.45969
2.32512 0.0539022 -0.0643833 0.0582023 -0.0827382 3.33475 -4.74055
2.35013 0.0549394 -0.0690213 0.059088 -0.0875731 3.38549 -5.01757
2.37513 0.055818 -0.0735925 0.0593326 -0.0918775 3.39951 -5.26419
2.4001 0.0564955 -0.0782566 0.0592053 -0.0969128 3.39221 -5.55269
2.4251 0.0570854 -0.0830133 0.0594451 -0.10204 3.40595 -5.84648
2.45015 0.057598 -0.0876273 0.0596484 -0.106083 3.4176 -6.07813
2.4752 0.0581149 -0.0923672 0.0601827 -0.111327 3.44821 -6.37855
2.5002 0.0587925 -0.0974464 0.0615029 -0.117763 3.52386 -6.74733
2.52512 0.0594268 -0.102626 0.061964 -0.123346 3.55028 -7.0672
2.55013 0.0604012 -0.108313 0.0642989 -0.13106 3.68406 -7.50916
2.57512 0.0622078 -0.114711 0.069434 -0.140303 3.97828 -8.03877
2.60011 0.0639371 -0.120551 0.0708543 -0.143909 4.05965 -8.24538
2.62513 0.0653433 -0.12581 0.0709684 -0.14685 4.06619 -8.41386
2.65016 0.0665457 -0.130476 0.0713551 -0.149136 4.08834 -8.54488
2.67523 0.0677405 -0.134787 0.0725198 -0.152032 4.15508 -8.7108
2.70011 0.0688712 -0.138716 0.0733941 -0.154434 4.20517 -8.84839
2.72512 0.0698535 -0.142353 0.0737825 -0.1569 4.22743 -8.9897
2.75013 0.0706949 -0.1458 0.0740604 -0.159588 4.24335 -9.14371
2.7751 0.0713998 -0.149058 0.0742193 -0.162091 4.25246 -9.2871
2.80013 0.0719492 -0.152319 0.0741468 -0.165365 4.2483 -9.47472
2.8251 0.0722931 -0.155193 0.0736688 -0.166686 4.22091 -9.55041
2.85013 0.072208 -0.157862 0.0718678 -0.168537 4.11772 -9.65648
2.87514 0.0718959 -0.160432 0.0706473 -0.170711 4.04779 -9.78103
2.9001 0.0716654 -0.163149 0.0707436 -0.17402 4.05331 -9.9706
2.92512 0.0716219 -0.166002 0.0714479 -0.177413 4.09366 -10.165
2.9501 0.071508 -0.169137 0.0710521 -0.181677 4.07099 -10.4093
2.97512 0.0715043 -0.17244 0.0714897 -0.185651 4.09606 -10.637
3.00014 0.0715597 -0.175578 0.0717815 -0.188133 4.11278 -10.7792
3.0251 0.0715482 -0.178521 0.0715022 -0.19029 4.09678 -10.9028
3.0501 0.0718314 -0.18165 0.0729639 -0.194168 4.18052 -11.125
3.0751 0.0724043 -0.184747 0.074696 -0.197133 4.27976 -11.2949
3.10013 0.0730994 -0.187637 0.07588 -0.1992 4.3476 -11.4133
3.12515 0.0736592 -0.190298 0.0758983 -0.200941 4.34865 -11.5131
3.1501 0.0739694 -0.192805 0.07521 -0.202832 4.30922 -11.6214
3.17513 0.0741779 -0.195819 0.0750123 -0.207875 4.29789 -11.9103
3.2001 0.0742822 -0.199257 0.0746992 -0.213007 4.27995 -12.2044
3.2251 0.07422 -0.20288 0.0739713 -0.217373 4.23824 -12.4546
3.25014 0.0740349 -0.206558 0.0732944 -0.221271 4.19946 -12.6779
3.27514 0.0737887 -0.209939 0.072804 -0.223462 4.17136 -12.8034
3.3001 0.0734679 -0.212937 0.0721849 -0.224931 4.13589 -12.8876
3.3251 0.0730208 -0.215698 0.0712324 -0.226739 4.08132 -12.9912
3.3501 0.0725824 -0.218249 0.0708286 -0.228453 4.05818 -13.0894
3.37515 0.0721449 -0.220724 0.0703949 -0.230624 4.03333 -13.2138
3.4001 0.0716998 -0.223091 0.0699194 -0.232561 4.00609 -13.3247
3.42513 0.0711432 -0.225253 0.0689167 -0.233902 3.94864 -13.4016
3.45013 0.0704841 -0.227224 0.067848 -0.235108 3.8874 -13.4707
3.4751 0.0697696 -0.228998 0.0669113 -0.236093 3.83373 -13.5272
3.50014 0.0689412 -0.230751 0.0656277 -0.237764 3.76019 -13.6229
3.52513 0.068116 -0.232368 0.064815 -0.238834 3.71363 -13.6842
3.55013 0.0672695 -0.234049 0.0638834 -0.240776 3.66025 -13.7954
3.57513 0.0664803 -0.235785 0.0633239 -0.242728 3.62819 -13.9073
3.6001 0.0658147 -0.237559 0.0631524 -0.244656 3.61836 -14.0178
3.62516 0.0652317 -0.239243 0.0628996 -0.245975 3.60388 -14.0933
3.65015 0.0648362 -0.240959 0.0632542 -0.247822 3.6242 -14.1992
3.67514 0.0647017 -0.242839 0.0641639 -0.250361 3.67632 -14.3446
3.7001 0.0647952 -0.244749 0.0651691 -0.252389 3.73392 -14.4608
3.72513 0.0651858 -0.246889 0.0667482 -0.255451 3.82439 -14.6362
3.75012 0.0657581 -0.249082 0.0680471 -0.257851 3.89881 -14.7738
3.77513 0.066355 -0.251207 0.0687428 -0.259711 3.93867 -14.8803
3.80015 0.0669691 -0.253529 0.0694256 -0.262817 3.97779 -15.0583
3.82514 0.0675127 -0.255699 0.0696868 -0.264379 3.99276 -15.1478
3.85013 0.0680269 -0.257711 0.070084 -0.265758 4.01552 -15.2268
3.8751 0.0684333 -0.259697 0.0700585 -0.26764 4.01406 -15.3346
3.90015 0.0688996 -0.261841 0.0707652 -0.270417 4.05455 -15.4938
3.92514 0.0692811 -0.263805 0.0708069 -0.271662 4.05694 -15.5651
3.95014 0.0697239 -0.265834 0.071495 -0.273951 4.09636 -15.6962
3.97513 0.0702248 -0.267816 0.0722283 -0.27574 4.13838 -15.7988
4.0001 0.0708065 -0.269648 0.0731335 -0.276977 4.19024 -15.8696
4.02515 0.0715383 -0.271446 0.0744656 -0.278638 4.26656 -15.9648
4.05014 0.0726086 -0.273397 0.0768896 -0.2812 4.40545 -16.1116
4.07514 0.0739129 -0.27554 0.0791303 -0.284111 4.53383 -16.2784
4.1001 0.0751266 -0.277534 0.0799812 -0.28551 4.58259 -16.3585
4.12519 0.076589 -0.279644 0.0824387 -0.288086 4.72339 -16.5061
4.15013 0.0781139 -0.281794 0.0842136 -0.290392 4.82508 -16.6382
4.17515 0.0795601 -0.283859 0.0853446 -0.292121 4.88988 -16.7373
4.2001 0.0809974 -0.286015 0.0867467 -0.294639 4.97022 -16.8816
4.22514 0.0822774 -0.288133 0.0873977 -0.296606 5.00752 -16.9942
4.25013 0.0832842 -0.289998 0.0873111 -0.297455 5.00256 -17.0429
4.2751 0.0840274 -0.292035 0.0870005 -0.300184 4.98476 -17.1993
4.30013 0.0849997 -0.295072 0.0888886 -0.307223 5.09294 -17.6026
4.32515 0.0863651 -0.298605 0.0918267 -0.312734 5.26128 -17.9183
4.35014 0.0875858 -0.301977 0.0924688 -0.315469 5.29807 -18.075
4.37513 0.0885329 -0.305039 0.0923213 -0.317286 5.28962 -18.1791
4.4001 0.0892487 -0.307681 0.092112 -0.318248 5.27763 -18.2343
4.42511 0.0895983 -0.309965 0.0909964 -0.319101 5.21371 -18.2831
4.45011 0.0895769 -0.312155 0.0894916 -0.320914 5.12749 -18.387
4.47513 0.0894016 -0.314328 0.0887003 -0.323022 5.08215 -18.5078
4.5001 0.0890153 -0.316562 0.0874698 -0.325497 5.01165 -18.6496
4.52513 0.0885505 -0.318718 0.0866917 -0.327341 4.96707 -18.7553
4.5501 0.0880752 -0.320467 0.0861738 -0.327465 4.93739 -18.7624
4.57513 0.0875033 -0.321991 0.0852159 -0.328084 4.88251 -18.7978
4.60011 0.0869082 -0.323364 0.0845278 -0.32886 4.84309 -18.8423
4.62513 0.0862442 -0.32456 0.083588 -0.32934 4.78924 -18.8698
4.65013 0.0855479 -0.325745 0.082763 -0.330486 4.74197 -18.9355
4.67513 0.0848473 -0.327078 0.0820447 -0.332412 4.70082 -19.0458
4.70015 0.0843746 -0.328551 0.0824837 -0.334441 4.72597 -19.1621
4.72513 0.0841317 -0.330142 0.0831603 -0.336506 4.76474 -19.2804
4.7501 0.083927 -0.331466 0.0831083 -0.336762 4.76175 -19.295
4.7751 0.0837087 -0.332557 0.0828352 -0.336921 4.74611 -19.3041
4.80009 0.0835238 -0.333444 0.0827842 -0.33699 4.74318 -19.3081
4.82517 0.0833753 -0.33415 0.0827814 -0.336978 4.74303 -19.3074
4.85016 0.0832501 -0.334879 0.0827493 -0.337792 4.74119 -19.3541
4.87514 0.0830866 -0.335653 0.0824324 -0.33875 4.72303 -19.4089
4.90011 0.0829147 -0.336459 0.0822273 -0.339681 4.71128 -19.4623
4.92513 0.0826587 -0.337249 0.0816346 -0.340412 4.67732 -19.5042
4.95013 0.0823203 -0.337962 0.080967 -0.340811 4.63907 -19.527
4.97514 0.0819333 -0.338684 0.0803853 -0.341571 4.60574 -19.5706
5.00011 0.0816581 -0.339468 0.0805571 -0.342607 4.61558 -19.6299
5.02513 0.0814662 -0.340229 0.0806986 -0.343274 4.62369 -19.6681
5.05011 0.0813136 -0.341052 0.0807032 -0.344344 4.62396 -19.7295
5.07511 0.0811836 -0.341907 0.0806637 -0.345325 4.62169 -19.7857
5.10011 0.0810483 -0.342609 0.0805068 -0.345415 4.6127 -19.7908
5.12514 0.0809634 -0.343228 0.0806239 -0.345705 4.61941 -19.8074
5.15014 0.0808983 -0.343958 0.0806381 -0.346877 4.62022 -19.8746
5.17514 0.0809336 -0.344839 0.081075 -0.348366 4.64526 -19.9599
5.2001 0.0809834 -0.345791 0.0811822 -0.349598 4.6514 -20.0305
5.22514 0.0809876 -0.346686 0.0810048 -0.350264 4.64123 -20.0687
5.25015 0.0809694 -0.347591 0.0808963 -0.351215 4.63502 -20.1231
5.27514 0.0809898 -0.348513 0.0810716 -0.3522 4.64506 -20.1796
5.3001 0.0810425 -0.349374 0.0812532 -0.352815 4.65546 -20.2148
5.3251 0.0810754 -0.350122 0.0812071 -0.353114 4.65283 -20.2319
5.35013 0.0810801 -0.351029 0.0810986 -0.354657 4.64661 -20.3203
5.37514 0.0810429 -0.351866 0.0808942 -0.355216 4.6349 -20.3524
5.40011 0.0809273 -0.352684 0.0804651 -0.355954 4.61031 -20.3947
5.42514 0.0808126 -0.353648 0.0803538 -0.357506 4.60393 -20.4836
5.4501 0.08075 -0.354791 0.0804995 -0.359363 4.61228 -20.59
5.47517 0.0807306 -0.35602 0.0806531 -0.360937 4.62108 -20.6802
5.50018 0.0807398 -0.357195 0.0807766 -0.361895 4.62816 -20.7351
5.52513 0.0809189 -0.358559 0.0816353 -0.364014 4.67736 -20.8564
5.5501 0.0811148 -0.359818 0.0818984 -0.364854 4.69243 -20.9046
5.5751 0.0813371 -0.360952 0.0822262 -0.365488 4.71121 -20.9409
5.6001 0.0816509 -0.362065 0.082906 -0.366515 4.75016 -20.9998
5.62514 0.0820008 -0.363009 0.0834007 -0.366785 4.77851 -21.0152
5.65014 0.0823044 -0.363735 0.0835187 -0.366638 4.78527 -21.0068
5.67513 0.0825879 -0.36457 0.0837219 -0.36791 4.79691 -21.0797
5.7001 0.0828876 -0.365519 0.0840865 -0.369317 4.8178 -21.1603
5.72514 0.0831588 -0.366307 0.0842435 -0.36946 4.82679 -21.1685
5.75014 0.0834026 -0.366973 0.0843776 -0.369635 4.83448 -21.1785
5.77514 0.0835681 -0.367535 0.0842301 -0.369782 4.82603 -21.1869
5.8001 0.0836357 -0.36799 0.0839061 -0.369812 4.80747 -21.1887
5.82514 0.0836687 -0.368354 0.083801 -0.369808 4.80144 -21.1884
5.8501 0.0838081 -0.36873 0.0843656 -0.370236 4.83379 -21.2129
5.87514 0.0840658 -0.369205 0.0850965 -0.371103 4.87567 -21.2627
5.90013 0.0843097 -0.369852 0.0852856 -0.372441 4.8865 -21.3393
5.92515 0.0845274 -0.370582 0.0853982 -0.3735 4.89295 -21.4
5.9501 0.0845933 -0.371293 0.0848566 -0.374141 4.86192 -21.4367
5.97514 0.0844208 -0.372019 0.083731 -0.374921 4.79744 -21.4814
6.00013 0.084221 -0.372695 0.0834218 -0.375398 4.77972 -21.5087
6.02515 0.0840071 -0.373273 0.0831514 -0.375587 4.76422 -21.5196
6.0502 0.0837772 -0.373739 0.0828577 -0.3756 4.7474 -21.5203
6.07513 0.0835574 -0.374115 0.0826782 -0.375621 4.73711 -21.5215
6.10014 0.0832502 -0.374369 0.0820212 -0.375385 4.69947 -21.508
6.12513 0.0828818 -0.374518 0.0814086 -0.375111 4.66437 -21.4923
6.15014 0.0825353 -0.374639 0.0811492 -0.375126 4.64951 -21.4931
6.17511 0.0821766 -0.374621 0.0807414 -0.374549 4.62614 -21.4601
6.2001 0.0817041 -0.374521 0.0798141 -0.374122 4.57301 -21.4356
6.22513 0.0811616 -0.374401 0.0789916 -0.373921 4.52589 -21.4241
6.2501 0.0804946 -0.374363 0.0778269 -0.374211 4.45916 -21.4407
6.27513 0.0799129 -0.374471 0.0775859 -0.374901 4.44534 -21.4802
6.30014 0.0794494 -0.374786 0.0775953 -0.376046 4.44588 -21.5459
6.32514 0.0790286 -0.37521 0.0773456 -0.376907 4.43158 -21.5952
6.35013 0.0786392 -0.375584 0.0770817 -0.377078 4.41646 -21.605
6.3751 0.0782954 -0.375908 0.0769202 -0.377208 4.4072 -21.6124
6.40013 0.0780035 -0.376216 0.0768358 -0.377444 4.40237 -21.6259
6.42514 0.0777285 -0.37649 0.0766286 -0.377588 4.39049 -21.6342
6.45014 0.0773938 -0.376703 0.0760552 -0.377553 4.35764 -21.6322
6.47511 0.0771314 -0.37694 0.0760818 -0.377887 4.35917 -21.6514
6.50021 0.0768564 -0.377146 0.0757562 -0.377971 4.34051 -21.6561
6.52519 0.0766204 -0.377437 0.0756762 -0.378601 4.33593 -21.6922
6.5502 0.0764525 -0.377703 0.0757811 -0.378766 4.34193 -21.7017
6.57513 0.0761742 -0.377942 0.0750612 -0.3789 4.30069 -21.7093
6.60013 0.0755611 -0.378176 0.0731084 -0.379111 4.1888 -21.7215
6.62514 0.0745849 -0.378297 0.0706803 -0.378784 4.04968 -21.7027
6.65019 0.0734119 -0.378304 0.0687198 -0.37833 3.93735 -21.6767
6.6752 0.0718828 -0.37815 0.0657665 -0.377532 3.76815 -21.631
6.70019 0.0701776 -0.377942 0.0633566 -0.37711 3.63006 -21.6068
6.7251 0.0686258 -0.377816 0.0624189 -0.377313 3.57634 -21.6184
6.75011 0.0670871 -0.377783 0.0609323 -0.377651 3.49116 -21.6378
6.7751 0.065612 -0.377754 0.0597113 -0.377638 3.42121 -21.637
6.80016 0.0642176 -0.377698 0.05864 -0.377474 3.35982 -21.6277
6.82513 0.0629346 -0.377609 0.0578028 -0.377252 3.31186 -21.6149
6.85014 0.0616081 -0.377463 0.0563023 -0.376879 3.22588 -21.5936
6.87514 0.0602299 -0.377242 0.0547167 -0.376361 3.13504 -21.5639
6.9001 0.05889 -0.377047 0.0535303 -0.376265 3.06706 -21.5584
6.9251 0.0575106 -0.37691 0.0519932 -0.376362 2.97899 -21.564
6.95011 0.0560448 -0.376848 0.0501817 -0.376599 2.8752 -21.5775
6.97514 0.0544667 -0.376906 0.0481541 -0.377141 2.75902 -21.6086
7.00013 0.0527907 -0.377069 0.046087 -0.377721 2.64059 -21.6418
7.02514 0.0509553 -0.377206 0.0436136 -0.377753 2.49888 -21.6436
7.05013 0.0489706 -0.37733 0.041032 -0.377826 2.35096 -21.6478
7.0751 0.0467059 -0.377322 0.0376471 -0.377292 2.15702 -21.6172
7.10011 0.0441909 -0.37713 0.0341307 -0.376363 1.95555 -21.564
7.12519 0.0414154 -0.376867 0.0303136 -0.375813 1.73684 -21.5325
7.15012 0.0383825 -0.376547 0.0262511 -0.375268 1.50408 -21.5013
7.17511 0.0351202 -0.376131 0.0220707 -0.374464 1.26456 -21.4552
7.20015 0.031756 -0.37556 0.0182992 -0.373277 1.04847 -21.3872
7.22514 0.0283489 -0.374865 0.0147206 -0.372087 0.843431 -21.319
7.25014 0.0248511 -0.374124 0.0108596 -0.37116 0.622212 -21.2659
7.27513 0.0215071 -0.373414 0.0081312 -0.370573 0.465883 -21.2323
7.3001 0.0182961 -0.372804 0.0054521 -0.370365 0.312382 -21.2203
7.32516 0.0153263 -0.372284 0.00344688 -0.370204 0.197492 -21.2111
7.35014 0.0126447 -0.371858 0.00191843 -0.370153 0.109918 -21.2082
7.37513 0.0102468 -0.371559 0.000655055 -0.370364 0.0375319 -21.2203
7.4001 0.00802077 -0.371357 -0.000883212 -0.370547 -0.0506043 -21.2308
7.4251 0.00602591 -0.371231 -0.00195351 -0.370728 -0.111928 -21.2411
7.45012 0.00395474 -0.371141 -0.00432994 -0.37078 -0.248087 -21.2441
7.47514 0.0018255 -0.371008 -0.00669144 -0.370479 -0.383391 -21.2269
7.5001 -0.000487627 -0.370748 -0.00974016 -0.369705 -0.55807 -21.1825
7.52514 -0.00269439 -0.370459 -0.0115214 -0.369306 -0.660129 -21.1597
7.5501 -0.00487097 -0.3701 -0.0135773 -0.368663 -0.777923 -21.1228
7.5751 -0.00708454 -0.369674 -0.0159388 -0.367968 -0.913225 -21.083
7.60012 -0.00917054 -0.369256 -0.0175146 -0.367587 -1.00351 -21.0612
7.62514 -0.011171 -0.368945 -0.0191729 -0.367698 -1.09852 -21.0676
7.65015 -0.0131611 -0.368672 -0.0211213 -0.367583 -1.21016 -21.0609
7.67514 -0.0151382 -0.368418 -0.0230468 -0.367401 -1.32048 -21.0505
7.7001 -0.0171447 -0.368171 -0.0251706 -0.36718 -1.44217 -21.0379
7.72516 -0.0192919 -0.367833 -0.0278809 -0.366483 -1.59746 -20.9979
7.75014 -0.0214953 -0.367457 -0.0303087 -0.365954 -1.73656 -20.9676
7.77513 -0.023802 -0.367093 -0.0330289 -0.365634 -1.89242 -20.9493
7.80014 -0.0261419 -0.36679 -0.0355014 -0.365582 -2.03408 -20.9463
7.82513 -0.0284037 -0.366556 -0.037451 -0.36562 -2.14579 -20.9485
7.85012 -0.0307936 -0.366344 -0.0403531 -0.365495 -2.31207 -20.9413
7.87514 -0.0333317 -0.366176 -0.0434839 -0.365503 -2.49144 -20.9418
7.9001 -0.0358989 -0.36599 -0.0461678 -0.365247 -2.64522 -20.9271
7.9251 -0.0386106 -0.365787 -0.0494577 -0.364976 -2.83372 -20.9116
7.95015 -0.0415142 -0.365556 -0.0531285 -0.364631 -3.04404 -20.8918
7.97512 -0.0444136 -0.365312 -0.0560112 -0.364335 -3.2092 -20.8748
8.00015 -0.0474692 -0.365033 -0.0596914 -0.363916 -3.42007 -20.8509
8.02511 -0.0507524 -0.364698 -0.0638855 -0.363357 -3.66037 -20.8188
8.05013 -0.0540588 -0.364339 -0.0672845 -0.362906 -3.85512 -20.793
8.0751 -0.0574527 -0.364024 -0.0710281 -0.362761 -4.06961 -20.7847
8.10013 -0.0608783 -0.363757 -0.0745807 -0.36269 -4.27316 -20.7806
8.12513 -0.0642779 -0.363497 -0.0778764 -0.36246 -4.46199 -20.7674
8.15012 -0.0675593 -0.363246 -0.0806847 -0.362242 -4.62289 -20.7549
8.17514 -0.0708382 -0.36301 -0.0839541 -0.362066 -4.81021 -20.7449
8.2001 -0.0740588 -0.362818 -0.086941 -0.36205 -4.98135 -20.7439
8.2251 -0.0770922 -0.362677 -0.089226 -0.362114 -5.11228 -20.7476
8.25015 -0.0800661 -0.362613 -0.0919617 -0.362357 -5.26902 -20.7615
8.27514 -0.0830168 -0.362652 -0.0948195 -0.362806 -5.43276 -20.7872
8.30012 -0.0858506 -0.362686 -0.0971859 -0.362825 -5.56834 -20.7883
8.3251 -0.0887033 -0.362707 -0.100114 -0.362788 -5.73611 -20.7862
8.3501 -0.0915119 -0.362744 -0.102746 -0.362896 -5.88693 -20.7924
8.37515 -0.0940818 -0.362801 -0.104361 -0.363028 -5.97946 -20.8
8.40013 -0.0964955 -0.362902 -0.10615 -0.363307 -6.08197 -20.8159
8.4251 -0.0989103 -0.363005 -0.108569 -0.363417 -6.22056 -20.8223
8.4501 -0.101286 -0.363073 -0.110788 -0.363343 -6.34766 -20.818
8.4751 -0.103663 -0.363104 -0.113173 -0.36323 -6.48435 -20.8115
8.5001 -0.106104 -0.363024 -0.115869 -0.362703 -6.63882 -20.7813
8.52515 -0.108453 -0.362944 -0.117846 -0.362624 -6.7521 -20.7768
8.55018 -0.110779 -0.362885 -0.120084 -0.362649 -6.8803 -20.7783
8.57526 -0.112966 -0.362906 -0.121715 -0.362989 -6.97378 -20.7978
8.6001 -0.115005 -0.36293 -0.123159 -0.363025 -7.05651 -20.7998
8.6251 -0.116935 -0.363033 -0.124654 -0.363448 -7.14212 -20.824
8.65015 -0.118764 -0.363192 -0.126081 -0.363826 -7.22394 -20.8457
8.67511 -0.120504 -0.3633 -0.127465 -0.363732 -7.30321 -20.8403
8.70016 -0.122265 -0.363351 -0.129309 -0.363556 -7.40887 -20.8302
8.7251 -0.124 -0.363402 -0.13094 -0.363605 -7.50231 -20.833
8.75009 -0.125618 -0.36345 -0.13209 -0.363644 -7.56822 -20.8352
8.7751 -0.127052 -0.363535 -0.132786 -0.363876 -7.6081 -20.8485
8.80011 -0.128466 -0.363682 -0.134121 -0.364269 -7.68458 -20.871
8.8251 -0.129782 -0.363822 -0.135049 -0.364382 -7.73774 -20.8776
8.85013 -0.131264 -0.363913 -0.137193 -0.364279 -7.86057 -20.8717
8.87513 -0.1328 -0.363947 -0.138941 -0.364083 -7.96074 -20.8604
8.90014 -0.13436 -0.363995 -0.1406 -0.364185 -8.05581 -20.8663
8.92511 -0.135816 -0.364057 -0.141639 -0.364304 -8.11532 -20.8731
8.95012 -0.137346 -0.364118 -0.143466 -0.364363 -8.22002 -20.8765
8.97513 -0.138891 -0.36418 -0.145072 -0.364427 -8.31204 -20.8801
9.0001 -0.14041 -0.36415 -0.146485 -0.364031 -8.393 -20.8575
9.02509 -0.142038 -0.364014 -0.148548 -0.36347 -8.51119 -20.8253
9.05015 -0.143702 -0.36391 -0.150357 -0.363493 -8.61482 -20.8266
9.07514 -0.145377 -0.363819 -0.152081 -0.363456 -8.71358 -20.8245
9.1001 -0.147246 -0.363642 -0.154721 -0.362934 -8.86486 -20.7946
9.12513 -0.149424 -0.363469 -0.158134 -0.362775 -9.06044 -20.7855
9.1501 -0.151674 -0.363286 -0.160674 -0.362554 -9.20596 -20.7728
9.17516 -0.153997 -0.363042 -0.163287 -0.362065 -9.35568 -20.7448
9.20011 -0.156235 -0.362874 -0.165189 -0.362203 -9.46465 -20.7527
9.2251 -0.158265 -0.362732 -0.166383 -0.362162 -9.53304 -20.7503
9.2501 -0.160203 -0.36255 -0.167955 -0.361825 -9.62311 -20.7311
9.27513 -0.162141 -0.362316 -0.169895 -0.361377 -9.73426 -20.7054
9.30012 -0.164062 -0.362051 -0.171745 -0.360993 -9.84028 -20.6834
9.32512 -0.166038 -0.361754 -0.173941 -0.360567 -9.96609 -20.659
9.3501 -0.1681 -0.361394 -0.176349 -0.359951 -10.1041 -20.6237
9.37517 -0.170236 -0.361078 -0.178778 -0.359813 -10.2432 -20.6158
9.40014 -0.172269 -0.360791 -0.180402 -0.359644 -10.3363 -20.6061
9.4251 -0.174164 -0.360487 -0.181744 -0.359273 -10.4132 -20.5849
9.45013 -0.175727 -0.360276 -0.18198 -0.359431 -10.4267 -20.5939
9.47521 -0.176883 -0.360149 -0.181504 -0.35964 -10.3994 -20.6058
9.5003 -0.17747 -0.360124 -0.179818 -0.360024 -10.3028 -20.6278
9.52513 -0.177493 -0.360102 -0.177587 -0.360013 -10.175 -20.6272
9.55013 -0.176921 -0.360018 -0.174635 -0.359682 -10.0059 -20.6082
9.57513 -0.175693 -0.359846 -0.170778 -0.359159 -9.78485 -20.5783
9.60015 -0.173646 -0.35971 -0.165458 -0.359164 -9.48007 -20.5786
9.62514 -0.171051 -0.359648 -0.160671 -0.3594 -9.20577 -20.5921
9.6501 -0.1678 -0.359614 -0.154799 -0.35948 -8.86931 -20.5967
9.6751 -0.16394 -0.359768 -0.148496 -0.360382 -8.5082 -20.6483
9.70017 -0.159908 -0.360001 -0.143783 -0.360937 -8.23815 -20.6801
9.72514 -0.155647 -0.360362 -0.1386 -0.361802 -7.9412 -20.7298
9.75014 -0.151261 -0.360812 -0.133717 -0.362614 -7.66144 -20.7763
9.77513 -0.147003 -0.361298 -0.129973 -0.363243 -7.44692 -20.8123
9.8001 -0.142726 -0.361761 -0.125619 -0.363613 -7.19745 -20.8335
9.8251 -0.138492 -0.36219 -0.121555 -0.363904 -6.96462 -20.8502
9.85013 -0.134363 -0.36254 -0.117848 -0.363943 -6.75218 -20.8524
9.87523 -0.130058 -0.362711 -0.112835 -0.363392 -6.46499 -20.8208
9.9001 -0.125404 -0.362703 -0.106788 -0.36267 -6.11847 -20.7795
9.92513 -0.120558 -0.362558 -0.101175 -0.361977 -5.7969 -20.7397
9.9501 -0.115241 -0.362291 -0.0939732 -0.361224 -5.38427 -20.6966
9.97512 -0.109575 -0.361969 -0.0869097 -0.360681 -4.97956 -20.6655
10.0001 -0.103813 -0.361648 -0.0807644 -0.360366 -4.62746 -20.6475
10.0251 -0.0977498 -0.361303 -0.0734985 -0.359921 -4.21116 -20.622
10.0501 -0.0915378 -0.360964 -0.0666898 -0.359608 -3.82105 -20.604
10.0751 -0.0853064 -0.360648 -0.0603806 -0.359386 -3.45955 -20.5913
10.1002 -0.0793033 -0.360401 -0.0552908 -0.359412 -3.16793 -20.5928
10.1251 -0.073342 -0.360189 -0.0494971 -0.35934 -2.83598 -20.5887
10.1501 -0.0675248 -0.360019 -0.044256 -0.35934 -2.53568 -20.5887
10.1751 -0.0620833 -0.359854 -0.0403169 -0.359195 -2.30999 -20.5803
10.2001 -0.0567631 -0.359702 -0.0354827 -0.359091 -2.03301 -20.5744
10.2252 -0.0518992 -0.359583 -0.0324436 -0.35911 -1.85888 -20.5755
10.2502 -0.0469152 -0.359526 -0.0269789 -0.359297 -1.54578 -20.5862
10.2751 -0.0420195 -0.35941 -0.0224366 -0.358945 -1.28552 -20.566
10.3001 -0.0372208 -0.359287 -0.0180263 -0.358797 -1.03283 -20.5575
10.3251 -0.0325532 -0.359225 -0.0138828 -0.358978 -0.795423 -20.5679
10.3501 -0.0276629 -0.359256 -0.00810163 -0.35938 -0.464189 -20.591
10.3751 -0.0225848 -0.359245 -0.00227229 -0.359201 -0.130193 -20.5807
10.4002 -0.0175793 -0.359147 0.0024425 -0.358756 0.139945 -20.5552
10.4251 -0.012482 -0.358885 0.00790712 -0.357835 0.453045 -20.5024
10.4502 -0.00734291 -0.35842 0.0132136 -0.356561 0.757083 -20.4295
10.4751 -0.0023505 -0.357916 0.0176191 -0.355901 1.0095 -20.3916
10.5002 0.00276864 -0.357425 0.0232452 -0.355459 1.33185 -20.3663
10.5251 0.00797052 -0.356861 0.028778 -0.354605 1.64886 -20.3174
10.5501 0.0130689 -0.356323 0.0334625 -0.354173 1.91726 -20.2926
10.5751 0.0182655 -0.355821 0.039052 -0.353813 2.23751 -20.272
10.6001 0.0234983 -0.355296 0.0444296 -0.353195 2.54563 -20.2366
10.6251 0.0285766 -0.354775 0.0488897 -0.352691 2.80117 -20.2077
10.6501 0.0336809 -0.354286 0.0540983 -0.352329 3.0996 -20.1869
10.6751 0.0389217 -0.353767 0.0598845 -0.351693 3.43113 -20.1505
10.7001 0.0439582 -0.353185 0.0641042 -0.350858 3.6729 -20.1027
10.7251 0.048982 -0.35262 0.0690773 -0.35036 3.95784 -20.0742
10.7501 0.0540565 -0.352034 0.0743546 -0.349688 4.2602 -20.0357
10.7751 0.0591017 -0.351331 0.0792824 -0.348517 4.54255 -19.9686
10.8001 0.0639563 -0.350628 0.0833749 -0.347818 4.77703 -19.9285
10.8251 0.0689188 -0.349978 0.0887687 -0.347376 5.08607 -19.9032
10.8501 0.0739801 -0.34929 0.0942253 -0.346538 5.39871 -19.8552
10.8751 0.0787803 -0.348584 0.0979811 -0.345763 5.6139 -19.8108
10.9002 0.083616 -0.3479 0.102959 -0.345164 5.89911 -19.7764
10.9252 0.0885108 -0.347219 0.10809 -0.344496 6.1931 -19.7382
10.9501 0.0931885 -0.346548 0.111899 -0.343863 6.41134 -19.7019
10.9751 0.0980338 -0.345906 0.117415 -0.343337 6.7274 -19.6718
11.0001 0.102981 -0.345203 0.122771 -0.342389 7.03428 -19.6174
11.0251 0.107797 -0.344425 0.127059 -0.341313 7.27996 -19.5558
11.0501 0.112575 -0.343651 0.131686 -0.340558 7.54503 -19.5126
11.0751 0.117229 -0.342888 0.135848 -0.339832 7.7835 -19.4709
11.1001 0.121607 -0.342161 0.139118 -0.339256 7.9709 -19.438
11.1251 0.125813 -0.341428 0.142634 -0.338495 8.17233 -19.3943
11.1502 0.12985 -0.340776 0.146001 -0.338168 8.36522 -19.3756
11.1751 0.133587 -0.340156 0.148535 -0.337674 8.5104 -19.3473
11.2001 0.137098 -0.339534 0.151142 -0.337047 8.65977 -19.3114
11.2251 0.140511 -0.33903 0.154164 -0.337014 8.83296 -19.3095
11.2501 0.143764 -0.338622 0.156774 -0.33699 8.98252 -19.3081
11.2751 0.146941 -0.338245 0.15965 -0.336736 9.14726 -19.2935
11.3001 0.150121 -0.33792 0.162842 -0.33662 9.33018 -19.2869
11.3251 0.153288 -0.337651 0.165954 -0.336576 9.50849 -19.2844
11.3501 0.156482 -0.337425 0.169256 -0.336521 9.69765 -19.2812
11.3751 0.159712 -0.337234 0.172636 -0.336472 9.89132 -19.2784
11.4001 0.162796 -0.337102 0.175128 -0.33657 10.0341 -19.2841
11.4252 0.166102 -0.337012 0.179328 -0.336654 10.2747 -19.2889
11.4502 0.169433 -0.337013 0.182759 -0.337018 10.4713 -19.3097
11.4751 0.172696 -0.337024 0.185748 -0.337067 10.6426 -19.3125
11.5001 0.175689 -0.336988 0.187661 -0.336841 10.7522 -19.2996
11.5251 0.178481 -0.33696 0.189648 -0.336851 10.866 -19.3001
11.5501 0.181079 -0.336979 0.19147 -0.337052 10.9704 -19.3117
11.5751 0.18348 -0.336978 0.193087 -0.336976 11.063 -19.3073
11.6001 0.185803 -0.336993 0.195093 -0.337051 11.178 -19.3116
11.6251 0.188148 -0.337124 0.197527 -0.33765 11.3175 -19.3459
11.6501 0.190505 -0.337315 0.199934 -0.338078 11.4554 -19.3704
11.6751 0.192966 -0.337535 0.20281 -0.338414 11.6202 -19.3897
11.7001 0.195521 -0.337796 0.205742 -0.338839 11.7882 -19.414
11.7251 0.19816 -0.338122 0.208714 -0.339427 11.9584 -19.4478
11.7501 0.201019 -0.338509 0.212455 -0.340057 12.1727 -19.4838
11.7751 0.204014 -0.33891 0.215993 -0.340514 12.3755 -19.51
11.8001 0.206895 -0.339229 0.218418 -0.340503 12.5145 -19.5094
11.8251 0.209635 -0.339456 0.220595 -0.340367 12.6392 -19.5016
11.8501 0.212328 -0.339695 0.2231 -0.340652 12.7827 -19.5179
11.8751 0.214828 -0.339854 0.224829 -0.340487 12.8818 -19.5085
11.9001 0.21717 -0.339939 0.226535 -0.340281 12.9795 -19.4967
11.9251 0.219446 -0.340032 0.22855 -0.340403 13.0949 -19.5037
11.9502 0.221633 -0.340135 0.230382 -0.340546 13.1999 -19.5119
11.9751 0.223834 -0.340237 0.23264 -0.340646 13.3293 -19.5176
12.0001 0.226068 -0.340382 0.235001 -0.340959 13.4645 -19.5355
12.0251 0.228298 -0.340597 0.237219 -0.341461 13.5916 -19.5643
12.0501 0.230624 -0.340933 0.23993 -0.342274 13.747 -19.6108
12.0751 0.233134 -0.341348 0.243173 -0.343009 13.9328 -19.653
12.1001 0.235868 -0.341805 0.246804 -0.343631 14.1408 -19.6886
12.1251 0.238592 -0.342253 0.24949 -0.344047 14.2948 -19.7124
12.1501 0.24131 -0.342752 0.252181 -0.34475 14.4489 -19.7527
12.1751 0.243988 -0.343207 0.254698 -0.345025 14.5931 -19.7685
12.2001 0.246534 -0.343611 0.256718 -0.345229 14.7088 -19.7802
12.2251 0.249112 -0.344016 0.259423 -0.345635 14.8638 -19.8034
12.2501 0.25168 -0.344451 0.261954 -0.346192 15.0089 -19.8353
12.2751 0.254121 -0.344845 0.263887 -0.346418 15.1196 -19.8483
12.3001 0.256583 -0.345108 0.266431 -0.34616 15.2654 -19.8335
12.3251 0.259008 -0.345346 0.268706 -0.3463 15.3957 -19.8416
12.3501 0.261355 -0.345544 0.270745 -0.346337 15.5125 -19.8437
12.3751 0.263663 -0.345707 0.272897 -0.346358 15.6358 -19.8448
12.4001 0.266063 -0.345797 0.275662 -0.346157 15.7943 -19.8333
12.4251 0.268397 -0.345857 0.27773 -0.346098 15.9128 -19.8299
12.4501 0.270896 -0.345965 0.280891 -0.346398 16.0939 -19.8471
12.4751 0.273468 -0.345964 0.283759 -0.345956 16.2582 -19.8218
12.5001 0.275921 -0.345917 0.285734 -0.34573 16.3714 -19.8088
12.5251 0.278466 -0.345832 0.288645 -0.345495 16.5382 -19.7954
12.5501 0.281062 -0.345776 0.291447 -0.345553 16.6987 -19.7987
12.5751 0.283514 -0.345777 0.29332 -0.345781 16.806 -19.8118
12.6001 0.285864 -0.345781 0.295266 -0.345794 16.9175 -19.8125
12.6251 0.288083 -0.345773 0.296958 -0.345743 17.0144 -19.8096
12.6501 0.290172 -0.345775 0.298528 -0.345783 17.1044 -19.8119
12.6751 0.292257 -0.345796 0.300595 -0.34588 17.2228 -19.8174
12.7001 0.294311 -0.345881 0.302527 -0.346221 17.3335 -19.837
12.7251 0.296167 -0.345925 0.303591 -0.3461 17.3945 -19.8301
12.7501 0.298032 -0.345983 0.305494 -0.346218 17.5035 -19.8368
12.7751 0.299898 -0.346035 0.307361 -0.346243 17.6105 -19.8383
12.8001 0.301822 -0.346031 0.309518 -0.346015 17.7341 -19.8252
12.8251 0.303661 -0.346003 0.31102 -0.345891 17.8201 -19.8181
12.8501 0.305527 -0.345999 0.312987 -0.34598 17.9329 -19.8232
12.8751 0.307417 -0.345901 0.31498 -0.345512 18.047 -19.7964
12.9001 0.309237 -0.345793 0.316517 -0.345362 18.1351 -19.7878
12.9251 0.311229 -0.345677 0.319194 -0.345213 18.2885 -19.7793
12.9501 0.313496 -0.345746 0.322566 -0.34602 18.4817 -19.8255
12.9751 0.315822 -0.345881 0.325124 -0.34642 18.6282 -19.8484
13.0001 0.318203 -0.346088 0.32773 -0.346919 18.7776 -19.877
13.0251 0.320494 -0.346222 0.329655 -0.346758 18.8878 -19.8678
13.0501 0.322608 -0.346254 0.331064 -0.346379 18.9685 -19.8461
13.0752 0.324596 -0.346202 0.332548 -0.345997 19.0536 -19.8241
13.1001 0.326463 -0.346102 0.333934 -0.345702 19.133 -19.8073
13.1251 0.32815 -0.346029 0.334899 -0.345737 19.1883 -19.8093
13.1501 0.329643 -0.345954 0.335611 -0.345653 19.2291 -19.8045
13.1751 0.330944 -0.345862 0.336151 -0.345494 19.26 -19.7954
13.2001 0.332161 -0.345841 0.33703 -0.345756 19.3104 -19.8104
13.2251 0.333381 -0.345903 0.338257 -0.34615 19.3807 -19.833
13.2501 0.33469 -0.346013 0.339929 -0.346456 19.4765 -19.8505
13.2751 0.336063 -0.346214 0.341554 -0.347018 19.5696 -19.8826
13.3002 0.337572 -0.34645 0.343607 -0.347391 19.6873 -19.904
13.3251 0.33921 -0.346688 0.345761 -0.34764 19.8107 -19.9183
13.3501 0.340801 -0.346817 0.347166 -0.347333 19.8912 -19.9007
13.3751 0.342362 -0.346898 0.348605 -0.347225 19.9736 -19.8945
13.4001 0.343753 -0.346911 0.349317 -0.346961 20.0144 -19.8794
13.4251 0.344901 -0.346886 0.349494 -0.346786 20.0246 -19.8693
13.4501 0.34584 -0.346877 0.349595 -0.34684 20.0303 -19.8725
13.4751 0.346605 -0.346878 0.349666 -0.346881 20.0344 -19.8748
13.5001 0.347164 -0.346872 0.349397 -0.346851 20.019 -19.8731
13.5251 0.347556 -0.346866 0.349124 -0.346841 20.0033 -19.8725
13.5501 0.347723 -0.346872 0.348395 -0.346895 19.9616 -19.8756
13.5751 0.347698 -0.34688 0.347597 -0.346914 19.9158 -19.8767
13.6001 0.347507 -0.346934 0.346744 -0.347151 19.867 -19.8903
13.6251 0.347154 -0.346964 0.345741 -0.347084 19.8095 -19.8865
13.6501 0.346724 -0.34704 0.345003 -0.347342 19.7672 -19.9012
13.6752 0.346248 -0.347151 0.344344 -0.347596 19.7294 -19.9158
13.7001 0.345676 -0.347238 0.343391 -0.347584 19.6749 -19.9151
13.7251 0.345091 -0.347298 0.342751 -0.347539 19.6382 -19.9125
13.7501 0.344543 -0.347345 0.342349 -0.347534 19.6152 -19.9122
13.7751 0.344049 -0.347362 0.342075 -0.347429 19.5994 -19.9062
13.8001 0.343605 -0.347347 0.341828 -0.347285 19.5853 -19.898
13.8251 0.34322 -0.347351 0.341678 -0.34737 19.5767 -19.9029
13.8501 0.342823 -0.347416 0.341237 -0.347673 19.5515 -19.9202
13.8751 0.342332 -0.347482 0.340367 -0.347745 19.5016 -19.9243
13.9001 0.341753 -0.347539 0.339435 -0.347766 19.4482 -19.9256
13.9251 0.341106 -0.347597 0.338518 -0.347831 19.3956 -19.9293
13.9501 0.340391 -0.347694 0.337535 -0.348079 19.3393 -19.9435
13.9752 0.339668 -0.347862 0.336772 -0.348536 19.2956 -19.9696
14.0001 0.338864 -0.347978 0.33565 -0.348444 19.2313 -19.9644
14.0251 0.337956 -0.348082 0.334322 -0.348496 19.1552 -19.9673
14.0501 0.336952 -0.348181 0.332938 -0.348579 19.0759 -19.9721
14.0751 0.335915 -0.348274 0.331765 -0.348646 19.0087 -19.9759
14.1002 0.33479 -0.348384 0.33029 -0.348823 18.9242 -19.9861
14.1252 0.333486 -0.348432 0.328272 -0.348624 18.8086 -19.9747
14.1501 0.332087 -0.348455 0.32649 -0.348546 18.7065 -19.9702
14.1751 0.330551 -0.348485 0.324407 -0.348607 18.5872 -19.9737
14.2002 0.328882 -0.348596 0.322204 -0.349041 18.4609 -19.9986
14.2251 0.32716 -0.348701 0.320276 -0.349118 18.3504 -20.003
14.2501 0.32526 -0.348782 0.317657 -0.349108 18.2004 -20.0024
14.2751 0.32319 -0.348875 0.314913 -0.349246 18.0432 -20.0103
14.3001 0.321082 -0.348985 0.312647 -0.349424 17.9134 -20.0205
14.3252 0.318838 -0.349092 0.309861 -0.349523 17.7537 -20.0262
14.3501 0.316489 -0.349227 0.307095 -0.349765 17.5952 -20.0401
14.3751 0.314196 -0.349422 0.305027 -0.350205 17.4767 -20.0653
14.4001 0.311928 -0.349678 0.302853 -0.350702 17.3522 -20.0937
14.4251 0.309707 -0.349911 0.300824 -0.350842 17.2359 -20.1018
14.4502 0.307534 -0.350097 0.298842 -0.350842 17.1224 -20.1018
14.4753 0.305322 -0.350142 0.296475 -0.350318 16.9867 -20.0718
14.5001 0.303018 -0.35017 0.293804 -0.350283 16.8337 -20.0697
14.5251 0.300692 -0.35019 0.291386 -0.350269 16.6952 -20.0689
14.5501 0.298183 -0.350214 0.288149 -0.350312 16.5097 -20.0714
14.5751 0.295565 -0.350351 0.285089 -0.350897 16.3344 -20.1049
14.6002 0.292911 -0.350635 0.282296 -0.351773 16.1743 -20.1551
14.6252 0.290036 -0.351042 0.278536 -0.352667 15.9589 -20.2063
14.6502 0.286841 -0.351546 0.274063 -0.353561 15.7027 -20.2576
14.6752 0.283383 -0.352085 0.269548 -0.354242 15.444 -20.2966
14.7001 0.280001 -0.352601 0.266473 -0.354665 15.2678 -20.3208
14.7251 0.276687 -0.352973 0.263434 -0.354461 15.0936 -20.3091
14.7501 0.273276 -0.353236 0.259631 -0.354287 14.8758 -20.2992
14.7751 0.269881 -0.353468 0.256302 -0.354396 14.685 -20.3054
14.8001 0.266461 -0.35374 0.252777 -0.35483 14.4831 -20.3303
14.8251 0.263264 -0.35404 0.250477 -0.355238 14.3513 -20.3536
14.8501 0.259978 -0.354401 0.246836 -0.355848 14.1427 -20.3886
14.8751 0.256671 -0.354923 0.243444 -0.357008 13.9483 -20.455
14.9001 0.253459 -0.355597 0.240609 -0.358293 13.7859 -20.5287
14.9251 0.25038 -0.356272 0.238066 -0.358972 13.6402 -20.5676
14.9501 0.24719 -0.356942 0.234431 -0.359624 13.4319 -20.6049
14.9751 0.243714 -0.357553 0.22981 -0.359995 13.1671 -20.6262
15.0001 0.240444 -0.358146 0.227362 -0.360519 13.0269 -20.6562
15.0251 0.237061 -0.358754 0.223532 -0.361184 12.8074 -20.6943
15.0501 0.233586 -0.359424 0.219686 -0.362106 12.5871 -20.7471
15.0751 0.230151 -0.360029 0.21641 -0.362449 12.3994 -20.7668
15.1001 0.226608 -0.360566 0.212435 -0.362716 12.1717 -20.7821
15.1251 0.22304 -0.361146 0.20877 -0.363464 11.9616 -20.825
15.1501 0.219647 -0.36171 0.206074 -0.363964 11.8072 -20.8536
15.1751 0.216274 -0.362356 0.202779 -0.364941 11.6184 -20.9096
15.2001 0.212948 -0.363062 0.199644 -0.365884 11.4387 -20.9636
15.2251 0.209737 -0.363701 0.196897 -0.366258 11.2814 -20.9851
15.2502 0.20645 -0.364178 0.193301 -0.366086 11.0753 -20.9752
15.2752 0.203035 -0.364487 0.189377 -0.365725 10.8505 -20.9545
15.3001 0.199741 -0.364708 0.186562 -0.365592 10.6892 -20.9469
15.3252 0.196458 -0.364842 0.183325 -0.365379 10.5038 -20.9347
15.3501 0.193216 -0.364992 0.180248 -0.365592 10.3274 -20.9469
15.3751 0.190073 -0.365167 0.177502 -0.365868 10.1701 -20.9627
15.4001 0.186822 -0.36519 0.173816 -0.365282 9.95894 -20.9291
15.4251 0.183481 -0.36518 0.17012 -0.36514 9.74713 -20.921
15.4501 0.180084 -0.36527 0.166495 -0.365631 9.53946 -20.9491
15.4751 0.176749 -0.365417 0.163412 -0.366006 9.36279 -20.9706
15.5001 0.173305 -0.365699 0.159527 -0.366825 9.14022 -21.0175
15.5251 0.170009 -0.366018 0.156825 -0.367295 8.98541 -21.0444
15.5501 0.166373 -0.366321 0.15183 -0.367532 8.6992 -21.058
15.5751 0.162631 -0.366587 0.147664 -0.367649 8.46052 -21.0647
15.6001 0.158971 -0.366807 0.144328 -0.36769 8.26937 -21.0671
15.6251 0.155553 -0.36704 0.141885 -0.36797 8.1294 -21.0831
15.6501 0.152238 -0.367362 0.138975 -0.368652 7.9627 -21.1222
15.6751 0.149092 -0.367771 0.136507 -0.369405 7.82126 -21.1654
15.7001 0.146148 -0.368191 0.134374 -0.369873 7.69904 -21.1922
15.7251 0.143227 -0.368636 0.131545 -0.370417 7.53695 -21.2234
15.7501 0.140292 -0.369078 0.128552 -0.370842 7.3655 -21.2477
15.7751 0.137477 -0.36946 0.126217 -0.370991 7.23172 -21.2562
15.8001 0.134568 -0.369799 0.12293 -0.371156 7.0434 -21.2657
15.8251 0.131492 -0.37016 0.119187 -0.371604 6.82891 -21.2913
15.8501 0.128428 -0.370512 0.116174 -0.371918 6.6563 -21.3093
15.8751 0.125305 -0.370861 0.11281 -0.37226 6.46354 -21.3289
15.9001 0.122194 -0.371233 0.109752 -0.372722 6.28832 -21.3554
15.9251 0.119217 -0.371558 0.107306 -0.372859 6.1482 -21.3632
15.9501 0.116176 -0.37176 0.104015 -0.372566 5.95961 -21.3465
15.9751 0.113058 -0.371862 0.100585 -0.37227 5.7631 -21.3295
16.0001 0.11007 -0.371922 0.0981186 -0.372163 5.62178 -21.3234
16.0251 0.10712 -0.371958 0.0953189 -0.372099 5.46137 -21.3197
16.0502 0.104153 -0.372025 0.0922869 -0.372293 5.28765 -21.3308
16.0751 0.101254 -0.372162 0.0896565 -0.372712 5.13694 -21.3548
16.1001 0.098528 -0.372306 0.0876242 -0.372882 5.0205 -21.3645
16.1251 0.0959313 -0.372479 0.0855445 -0.373169 4.90134 -21.381
16.1501 0.0934496 -0.372672 0.0835228 -0.373444 4.78551 -21.3968
16.1752 0.0910939 -0.372826 0.0816712 -0.373445 4.67941 -21.3968
16.2002 0.0886521 -0.372869 0.0788851 -0.37304 4.51978 -21.3736
16.2251 0.086014 -0.372801 0.0754612 -0.37253 4.32361 -21.3444
16.2501 0.0833707 -0.372676 0.0727979 -0.372176 4.17101 -21.3241
16.2753 0.0807564 -0.372547 0.0702992 -0.372029 4.02784 -21.3157
16.3001 0.0782401 -0.372531 0.0681747 -0.372469 3.90613 -21.3409
16.3252 0.075876 -0.372621 0.0664194 -0.372982 3.80555 -21.3703
16.3501 0.0736845 -0.372858 0.0649187 -0.373804 3.71957 -21.4174
16.3751 0.0716209 -0.373232 0.0633665 -0.374727 3.63063 -21.4703
16.4001 0.0696992 -0.373642 0.0620124 -0.375283 3.55305 -21.5021
16.4251 0.067888 -0.374083 0.0606434 -0.375846 3.47461 -21.5344
16.4502 0.0662283 -0.374515 0.0595892 -0.376246 3.41421 -21.5573
16.4751 0.0646912 -0.374902 0.0585431 -0.37645 3.35427 -21.569
16.5001 0.0632222 -0.375211 0.0573459 -0.376443 3.28568 -21.5686
16.5251 0.0619 -0.375502 0.0566114 -0.376667 3.24359 -21.5814
16.5501 0.0608146 -0.375843 0.0564731 -0.377209 3.23567 -21.6125
16.5751 0.0598454 -0.376236 0.0559683 -0.377808 3.20675 -21.6468
16.6001 0.0588648 -0.376557 0.0549422 -0.377843 3.14796 -21.6488
16.6251 0.0578673 -0.376836 0.0538776 -0.377948 3.08696 -21.6548
16.6501 0.0569008 -0.377133 0.0530349 -0.378325 3.03868 -21.6764
16.6751 0.0560704 -0.377457 0.0527485 -0.37875 3.02227 -21.7008
16.7002 0.0555077 -0.377821 0.0532572 -0.379278 3.05141 -21.731
16.7251 0.0551661 -0.378172 0.0537997 -0.379576 3.0825 -21.7481
16.7501 0.0549767 -0.378491 0.0542192 -0.379765 3.10653 -21.7589
16.7751 0.0549032 -0.378762 0.0546089 -0.379847 3.12886 -21.7637
16.8001 0.0548516 -0.378916 0.0546454 -0.379532 3.13095 -21.7456
16.8251 0.0549104 -0.378946 0.0551453 -0.379069 3.15959 -21.719
16.8501 0.0550568 -0.378938 0.0556427 -0.378904 3.18809 -21.7096
16.8751 0.0551984 -0.378951 0.0557648 -0.379003 3.19509 -21.7153
16.9001 0.0553691 -0.378979 0.0560521 -0.379091 3.21155 -21.7203
16.9251 0.0554976 -0.379011 0.0560114 -0.37914 3.20921 -21.7231
16.9501 0.0555762 -0.37904 0.0558904 -0.379154 3.20229 -21.7239
16.9751 0.0555874 -0.379059 0.0556322 -0.379136 3.18749 -21.7229
17.0001 0.0555768 -0.379103 0.0555347 -0.379279 3.18191 -21.7311
17.0251 0.0554702 -0.379169 0.0550437 -0.379432 3.15377 -21.7398
17.0501 0.0551467 -0.379159 0.0538528 -0.379122 3.08554 -21.7221
17.0751 0.0545991 -0.379065 0.0524085 -0.37869 3.00279 -21.6973
17.1001 0.0538791 -0.378946 0.0509993 -0.378466 2.92204 -21.6845
17.1251 0.0528954 -0.378807 0.0489605 -0.378253 2.80523 -21.6723
17.1501 0.0516878 -0.378714 0.0468576 -0.37834 2.68474 -21.6773
17.1751 0.0502414 -0.378621 0.0444554 -0.37825 2.54711 -21.6721
17.2001 0.0484731 -0.378631 0.0413999 -0.378673 2.37204 -21.6963
17.2251 0.046354 -0.378711 0.0378779 -0.379032 2.17024 -21.7169
17.2501 0.0440052 -0.37878 0.0346097 -0.379056 1.98299 -21.7183
17.2751 0.0413307 -0.378849 0.0306327 -0.379122 1.75513 -21.7221
17.3001 0.038217 -0.378872 0.025762 -0.378964 1.47606 -21.713
17.3251 0.0349647 -0.378827 0.0219558 -0.378649 1.25798 -21.695
17.3501 0.0314424 -0.378672 0.017353 -0.37805 0.994254 -21.6607
17.3752 0.0276193 -0.378455 0.0123269 -0.377589 0.706278 -21.6342
17.4001 0.0236287 -0.378291 0.0076664 -0.377634 0.439252 -21.6369
17.4252 0.0196331 -0.378146 0.00365086 -0.377567 0.209179 -21.633
17.4501 0.015542 -0.378023 -0.000822494 -0.37753 -0.0471254 -21.6309
17.4751 0.0113557 -0.377916 -0.00538939 -0.37749 -0.308789 -21.6286
17.5001 0.00727248 -0.3779 -0.00906055 -0.377835 -0.519131 -21.6484
17.5251 0.00318954 -0.378036 -0.0131422 -0.378579 -0.752993 -21.691
17.5501 -0.000912947 -0.378207 -0.0173229 -0.37889 -0.992529 -21.7088
17.5751 -0.00491887 -0.378353 -0.0209426 -0.378937 -1.19992 -21.7115
17.6001 -0.00883912 -0.378538 -0.0245201 -0.379278 -1.4049 -21.731
17.6251 -0.012728 -0.378659 -0.0282833 -0.379142 -1.62052 -21.7232
17.6501 -0.0165986 -0.378661 -0.0320809 -0.378672 -1.8381 -21.6963
17.6751 -0.0206022 -0.378551 -0.0366169 -0.378109 -2.09799 -21.6641
17.7002 -0.0245587 -0.37841 -0.0403845 -0.377848 -2.31386 -21.6491
17.7253 -0.0282452 -0.378298 -0.0429914 -0.377848 -2.46322 -21.6491
17.7503 -0.0316856 -0.378321 -0.0454473 -0.378413 -2.60394 -21.6815
17.7751 -0.0349157 -0.378431 -0.0478361 -0.37887 -2.74081 -21.7077
17.8001 -0.0379458 -0.378551 -0.0500662 -0.379034 -2.86858 -21.717
17.8251 -0.0408428 -0.378663 -0.0524308 -0.379107 -3.00406 -21.7213
17.8501 -0.0436571 -0.37868 -0.0549143 -0.378751 -3.14636 -21.7008
17.8751 -0.0463478 -0.378618 -0.0571104 -0.378367 -3.27218 -21.6788
17.9002 -0.0490876 -0.378441 -0.060047 -0.377735 -3.44044 -21.6426
17.9251 -0.0518719 -0.378113 -0.0630092 -0.3768 -3.61016 -21.589
17.9501 -0.0546723 -0.377774 -0.0658736 -0.376417 -3.77428 -21.5671
17.9751 -0.0576064 -0.377453 -0.0693431 -0.376171 -3.97307 -21.553
18.0001 -0.0607047 -0.377113 -0.0730977 -0.375754 -4.18819 -21.5291
18.0251 -0.063822 -0.376809 -0.0762913 -0.37559 -4.37117 -21.5197
18.0501 -0.0670339 -0.376509 -0.0798815 -0.375309 -4.57687 -21.5036
18.0751 -0.070201 -0.376266 -0.0828694 -0.375297 -4.74807 -21.5029
18.1001 -0.073367 -0.376126 -0.086031 -0.375568 -4.92921 -21.5184
18.1251 -0.0762913 -0.376084 -0.0879884 -0.375914 -5.04137 -21.5383
18.1501 -0.0791298 -0.376046 -0.0904837 -0.375896 -5.18433 -21.5372
18.1751 -0.0818607 -0.375957 -0.0927844 -0.375602 -5.31616 -21.5204
18.2001 -0.084413 -0.375839 -0.0946219 -0.375368 -5.42144 -21.507
18.2251 -0.0869238 -0.375659 -0.0969671 -0.374936 -5.5558 -21.4823
18.2501 -0.0894159 -0.375434 -0.0993843 -0.374534 -5.6943 -21.4592
18.2751 -0.0918205 -0.375204 -0.101439 -0.374282 -5.81203 -21.4448
18.3001 -0.0942032 -0.375004 -0.103734 -0.374205 -5.94351 -21.4404
18.3251 -0.0966065 -0.374829 -0.10622 -0.374129 -6.08594 -21.436
18.3501 -0.0988836 -0.374705 -0.107992 -0.37421 -6.18748 -21.4407
18.3751 -0.101229 -0.374604 -0.11061 -0.3742 -6.33748 -21.4401
18.4001 -0.103715 -0.374435 -0.11366 -0.373759 -6.51226 -21.4148
18.4251 -0.106316 -0.373844 -0.116719 -0.371478 -6.68748 -21.2841
18.4501 -0.109078 -0.373068 -0.120126 -0.369965 -6.88269 -21.1974
18.4751 -0.111961 -0.372071 -0.123496 -0.368083 -7.07578 -21.0896
18.5001 -0.114817 -0.370985 -0.126238 -0.366643 -7.2329 -21.0071
18.5251 -0.117648 -0.369953 -0.128973 -0.365824 -7.38963 -20.9602
18.5501 -0.120377 -0.368963 -0.131295 -0.365002 -7.52265 -20.9131
18.5751 -0.122818 -0.368187 -0.132579 -0.365084 -7.59624 -20.9178
18.6001 -0.124987 -0.367653 -0.133663 -0.365516 -7.65834 -20.9425
18.6251 -0.126944 -0.367236 -0.134775 -0.365566 -7.72203 -20.9454
18.6501 -0.128683 -0.366898 -0.135639 -0.365546 -7.77153 -20.9443
18.6751 -0.130301 -0.3666 -0.136774 -0.365409 -7.83655 -20.9364
18.7001 -0.131832 -0.366336 -0.137952 -0.36528 -7.90407 -20.929
18.7251 -0.133331 -0.366012 -0.13933 -0.364718 -7.98301 -20.8968
18.7501 -0.134973 -0.365584 -0.14154 -0.363872 -8.10967 -20.8483
18.7751 -0.136775 -0.365096 -0.143985 -0.363142 -8.24971 -20.8065
18.8001 -0.138606 -0.364715 -0.14593 -0.363193 -8.36117 -20.8094
18.8251 -0.140527 -0.364396 -0.148211 -0.363121 -8.49187 -20.8053
18.8501 -0.142574 -0.364204 -0.150761 -0.363436 -8.63797 -20.8233
18.8751 -0.144736 -0.364075 -0.153383 -0.363555 -8.78822 -20.8302
18.9001 -0.146945 -0.363978 -0.155782 -0.363593 -8.92568 -20.8323
18.9251 -0.149207 -0.363991 -0.158254 -0.364041 -9.06727 -20.858
18.9501 -0.151546 -0.364144 -0.1609 -0.364755 -9.21891 -20.8989
18.9751 -0.153896 -0.364328 -0.163298 -0.365066 -9.35629 -20.9167
19.0001 -0.156365 -0.364521 -0.16624 -0.365292 -9.52483 -20.9297
19.0251 -0.159009 -0.364578 -0.169588 -0.364805 -9.71668 -20.9018
19.0501 -0.161614 -0.364531 -0.172034 -0.364344 -9.85683 -20.8754
19.0752 -0.164257 -0.36436 -0.174827 -0.363676 -10.0168 -20.8371
19.1002 -0.166903 -0.36399 -0.177487 -0.36251 -10.1692 -20.7703
19.1251 -0.169419 -0.363415 -0.179484 -0.361118 -10.2837 -20.6905
19.1501 -0.171777 -0.362899 -0.181207 -0.360832 -10.3824 -20.6742
19.1751 -0.17399 -0.362451 -0.182841 -0.360662 -10.476 -20.6644
19.2001 -0.175967 -0.361983 -0.183877 -0.360112 -10.5354 -20.6329
19.2251 -0.177871 -0.361435 -0.185486 -0.35924 -10.6276 -20.5829
19.2501 -0.179791 -0.360833 -0.187472 -0.358426 -10.7413 -20.5363
19.2751 -0.181716 -0.360285 -0.189415 -0.358091 -10.8527 -20.5171
19.3001 -0.183734 -0.359771 -0.191808 -0.357716 -10.9898 -20.4956
19.3251 -0.185818 -0.359269 -0.194153 -0.357261 -11.1241 -20.4696
19.3501 -0.187828 -0.358803 -0.195867 -0.356937 -11.2223 -20.451
19.3751 -0.18995 -0.358259 -0.19844 -0.356084 -11.3698 -20.4021
19.4001 -0.19218 -0.357697 -0.201101 -0.355447 -11.5222 -20.3656
19.4251 -0.194368 -0.35717 -0.203118 -0.355062 -11.6378 -20.3435
19.4501 -0.196796 -0.356627 -0.20651 -0.354458 -11.8321 -20.3089
19.4751 -0.199376 -0.356121 -0.209694 -0.354096 -12.0146 -20.2882
19.5001 -0.20206 -0.355712 -0.212797 -0.354074 -12.1924 -20.287
19.5251 -0.204581 -0.355437 -0.214666 -0.354337 -12.2995 -20.302
19.5501 -0.20696 -0.355235 -0.216476 -0.35443 -12.4032 -20.3074
19.5751 -0.209272 -0.355124 -0.218521 -0.35468 -12.5203 -20.3217
19.6001 -0.211467 -0.35503 -0.220245 -0.354651 -12.6191 -20.32
19.6252 -0.213636 -0.354935 -0.222312 -0.354555 -12.7375 -20.3145
19.6501 -0.2158 -0.354846 -0.224456 -0.35449 -12.8604 -20.3108
19.6751 -0.217854 -0.354778 -0.226072 -0.354508 -12.953 -20.3118
19.7001 -0.219914 -0.35471 -0.228152 -0.354439 -13.0722 -20.3079
19.7251 -0.222035 -0.354633 -0.230517 -0.354322 -13.2076 -20.3011
19.7501 -0.224126 -0.354568 -0.232492 -0.35431 -13.3208 -20.3005
19.7752 -0.226244 -0.354465 -0.234714 -0.354051 -13.4481 -20.2856
19.8001 -0.228358 -0.354305 -0.236814 -0.353666 -13.5685 -20.2636
19.8251 -0.230328 -0.354204 -0.23821 -0.353801 -13.6485 -20.2713
19.8501 -0.232308 -0.354083 -0.240228 -0.353599 -13.7641 -20.2597
19.8751 -0.234397 -0.353863 -0.242754 -0.352984 -13.9088 -20.2245
19.9001 -0.236466 -0.353616 -0.244742 -0.352629 -14.0227 -20.2042
19.9251 -0.238544 -0.353421 -0.246853 -0.352638 -14.1436 -20.2047
19.9501 -0.240554 -0.353316 -0.248597 -0.352895 -14.2436 -20.2194
19.9751 -0.242498 -0.353257 -0.250271 -0.353024 -14.3395 -20.2268
20.0001 -0.244462 -0.353201 -0.252321 -0.352974 -14.4569 -20.2239
20.0251 -0.246385 -0.353203 -0.254077 -0.353214 -14.5575 -20.2377
20.0501 -0.248218 -0.353234 -0.255549 -0.353357 -14.6419 -20.2459
20.0751 -0.250063 -0.353184 -0.257443 -0.352985 -14.7504 -20.2246
20.1001 -0.251884 -0.353114 -0.259168 -0.352831 -14.8492 -20.2157
20.1251 -0.253585 -0.353073 -0.260389 -0.352911 -14.9192 -20.2203
20.1501 -0.255351 -0.353049 -0.262414 -0.352952 -15.0352 -20.2227
20.1751 -0.25714 -0.353022 -0.264296 -0.352912 -15.143 -20.2204
20.2001 -0.258882 -0.35292 -0.265853 -0.352511 -15.2323 -20.1974
20.2251 -0.260431 -0.352824 -0.266626 -0.352442 -15.2765 -20.1934
20.2501 -0.261911 -0.352745 -0.267829 -0.35243 -15.3455 -20.1928
20.2751 -0.263359 -0.352721 -0.269149 -0.352624 -15.4211 -20.2039
20.3001 -0.264797 -0.352613 -0.270553 -0.35218 -15.5016 -20.1784
20.3251 -0.266208 -0.352504 -0.271848 -0.352069 -15.5757 -20.1721
20.3501 -0.267556 -0.352407 -0.27295 -0.35202 -15.6389 -20.1692
20.3751 -0.268736 -0.352368 -0.273454 -0.352211 -15.6678 -20.1802
20.4001 -0.269876 -0.352288 -0.274436 -0.351968 -15.724 -20.1663
20.4251 -0.271021 -0.352192 -0.275602 -0.351809 -15.7908 -20.1572
20.4501 -0.272145 -0.352078 -0.276641 -0.351623 -15.8503 -20.1465
20.4751 -0.273388 -0.351894 -0.278362 -0.351156 -15.949 -20.1198
20.5001 -0.274708 -0.351692 -0.279989 -0.350885 -16.0422 -20.1042
20.5251 -0.276082 -0.351538 -0.281577 -0.350921 -16.1332 -20.1063
20.5502 -0.277465 -0.351347 -0.282996 -0.350583 -16.2145 -20.0869
20.5751 -0.278871 -0.351159 -0.284494 -0.350405 -16.3003 -20.0767
20.6001 -0.280189 -0.351048 -0.285463 -0.350603 -16.3558 -20.0881
20.6251 -0.281448 -0.350984 -0.286482 -0.350729 -16.4142 -20.0953
20.6501 -0.282684 -0.350897 -0.28763 -0.350549 -16.48 -20.085
20.6751 -0.283863 -0.350812 -0.288576 -0.350474 -16.5342 -20.0807
20.7001 -0.285057 -0.350754 -0.289833 -0.350522 -16.6062 -20.0834
20.7251 -0.286302 -0.350605 -0.291284 -0.350007 -16.6893 -20.0539
20.7501 -0.287664 -0.350398 -0.29311 -0.349568 -16.794 -20.0288
20.7751 -0.289133 -0.350161 -0.295011 -0.349217 -16.9029 -20.0086
20.8001 -0.290796 -0.349903 -0.297448 -0.348871 -17.0425 -19.9888
20.8251 -0.292612 -0.349574 -0.299874 -0.348258 -17.1815 -19.9537
20.8501 -0.294469 -0.349236 -0.301898 -0.347885 -17.2975 -19.9323
20.8751 -0.296458 -0.348799 -0.304412 -0.347049 -17.4415 -19.8845
20.9001 -0.298434 -0.348466 -0.306338 -0.347133 -17.5519 -19.8893
20.9251 -0.300188 -0.348224 -0.307204 -0.347256 -17.6015 -19.8963
20.9501 -0.301813 -0.348062 -0.308312 -0.347416 -17.665 -19.9054
20.9751 -0.303335 -0.347936 -0.309422 -0.347433 -17.7286 -19.9065
21.0001 -0.304804 -0.347793 -0.310683 -0.347219 -17.8008 -19.8942
21.0251 -0.306161 -0.347607 -0.311587 -0.346865 -17.8526 -19.8739
21.0501 -0.307479 -0.347343 -0.312751 -0.346287 -17.9193 -19.8408
21.0752 -0.308767 -0.347087 -0.313922 -0.346064 -17.9864 -19.828
21.1001 -0.310094 -0.346853 -0.315401 -0.345914 -18.0712 -19.8194
21.1251 -0.311737 -0.346458 -0.318308 -0.344879 -18.2377 -19.7601
21.1501 -0.313663 -0.345904 -0.321366 -0.343686 -18.4129 -19.6918
21.1751 -0.315904 -0.345204 -0.324869 -0.342407 -18.6136 -19.6185
21.2001 -0.318215 -0.344458 -0.327459 -0.341473 -18.762 -19.565
21.2251 -0.32031 -0.343775 -0.328691 -0.341041 -18.8326 -19.5402
21.2501 -0.322069 -0.343255 -0.329104 -0.341178 -18.8563 -19.548
21.2752 -0.323592 -0.342862 -0.329681 -0.34129 -18.8894 -19.5545
21.3003 -0.324961 -0.342484 -0.33044 -0.340973 -18.9328 -19.5363
21.3251 -0.326106 -0.342164 -0.330687 -0.340881 -18.947 -19.531
21.3501 -0.327064 -0.341928 -0.330895 -0.340984 -18.9589 -19.5369
21.3751 -0.327839 -0.341742 -0.330939 -0.340999 -18.9614 -19.5378
21.4001 -0.328515 -0.341572 -0.331219 -0.340895 -18.9774 -19.5318
21.4251 -0.329078 -0.341414 -0.331331 -0.340783 -18.9839 -19.5254
21.4501 -0.329574 -0.341296 -0.331559 -0.340823 -18.9969 -19.5277
21.4752 -0.329824 -0.341282 -0.330822 -0.341225 -18.9547 -19.5507
21.5001 -0.329862 -0.34129 -0.330013 -0.341322 -18.9084 -19.5563
21.5251 -0.329929 -0.341291 -0.330198 -0.341297 -18.919 -19.5549
21.5501 -0.32991 -0.341242 -0.329833 -0.341046 -18.898 -19.5405
21.5751 -0.329646 -0.341188 -0.32859 -0.340973 -18.8268 -19.5363
21.6001 -0.32913 -0.341157 -0.327065 -0.341032 -18.7394 -19.5397
21.6251 -0.328542 -0.341147 -0.326192 -0.341107 -18.6894 -19.544
21.6502 -0.32786 -0.341133 -0.325129 -0.341075 -18.6285 -19.5422
21.6751 -0.327235 -0.341117 -0.324739 -0.341053 -18.6062 -19.5409
21.7001 -0.326774 -0.341066 -0.324927 -0.340864 -18.6169 -19.53
21.7251 -0.32655 -0.341008 -0.325657 -0.340776 -18.6588 -19.525
21.7502 -0.326635 -0.34096 -0.326973 -0.340768 -18.7342 -19.5246
21.7751 -0.326926 -0.340961 -0.328091 -0.340967 -18.7982 -19.536
21.8001 -0.327424 -0.341026 -0.329414 -0.341286 -18.874 -19.5542
21.8251 -0.328142 -0.341112 -0.331017 -0.341455 -18.9659 -19.564
21.8501 -0.329016 -0.341151 -0.332509 -0.341305 -19.0514 -19.5553
21.8752 -0.33005 -0.341083 -0.334187 -0.340815 -19.1475 -19.5272
21.9001 -0.331074 -0.341035 -0.33517 -0.340842 -19.2039 -19.5288
21.9251 -0.331981 -0.341068 -0.335611 -0.341199 -19.2291 -19.5493
21.9501 -0.332809 -0.341163 -0.336118 -0.341543 -19.2581 -19.569
21.9751 -0.333506 -0.341286 -0.336297 -0.341778 -19.2684 -19.5825
22.0001 -0.334061 -0.341387 -0.336278 -0.341791 -19.2673 -19.5832
22.0251 -0.334549 -0.341487 -0.3365 -0.341887 -19.28 -19.5887
22.0501 -0.335055 -0.341514 -0.337081 -0.341624 -19.3133 -19.5736
22.0751 -0.335726 -0.341415 -0.33841 -0.341019 -19.3895 -19.539
22.1001 -0.336407 -0.34125 -0.33913 -0.34059 -19.4307 -19.5144
22.1251 -0.337126 -0.341056 -0.340005 -0.34028 -19.4809 -19.4966
22.1501 -0.337874 -0.340878 -0.340866 -0.340166 -19.5302 -19.4901
22.1752 -0.338596 -0.340741 -0.341481 -0.340194 -19.5654 -19.4917
22.2003 -0.339388 -0.340587 -0.34256 -0.339969 -19.6272 -19.4788
22.2251 -0.340261 -0.340419 -0.343754 -0.339749 -19.6956 -19.4662
22.2501 -0.341227 -0.340282 -0.345088 -0.339733 -19.7721 -19.4653
22.2751 -0.34242 -0.340053 -0.347196 -0.339135 -19.8929 -19.431
22.3001 -0.343728 -0.339872 -0.348956 -0.339152 -19.9937 -19.432
22.3251 -0.344992 -0.339764 -0.350052 -0.339332 -20.0565 -19.4423
22.3501 -0.346158 -0.339774 -0.350822 -0.339815 -20.1006 -19.47
22.3751 -0.34724 -0.339863 -0.351567 -0.340218 -20.1433 -19.493
22.4001 -0.348213 -0.339896 -0.352107 -0.340026 -20.1742 -19.4821
22.4251 -0.349135 -0.339874 -0.35282 -0.339787 -20.2151 -19.4684
22.4501 -0.350035 -0.339824 -0.353635 -0.339624 -20.2618 -19.459
22.4751 -0.350972 -0.339698 -0.354722 -0.339193 -20.3241 -19.4343
22.5001 -0.351964 -0.33951 -0.355928 -0.338757 -20.3932 -19.4094
22.5251 -0.352997 -0.339262 -0.357132 -0.33827 -20.4622 -19.3814
22.5501 -0.35408 -0.338992 -0.358409 -0.337911 -20.5353 -19.3609
22.5751 -0.355281 -0.338742 -0.360087 -0.337743 -20.6315 -19.3512
22.6001 -0.356403 -0.338583 -0.36089 -0.337947 -20.6775 -19.363
22.6251 -0.35746 -0.338492 -0.36169 -0.338127 -20.7233 -19.3733
22.6501 -0.358429 -0.338503 -0.362304 -0.338548 -20.7585 -19.3974
22.6751 -0.359352 -0.338566 -0.363046 -0.338819 -20.801 -19.4129
22.7001 -0.360212 -0.338588 -0.36365 -0.338677 -20.8356 -19.4047
22.7251 -0.36103 -0.338549 -0.364304 -0.338389 -20.8731 -19.3883
22.7501 -0.361651 -0.338436 -0.364132 -0.337985 -20.8632 -19.3651
22.7751 -0.361916 -0.338286 -0.362975 -0.337689 -20.797 -19.3482
22.8002 -0.361757 -0.338223 -0.361123 -0.337969 -20.6908 -19.3642
22.8251 -0.361226 -0.338135 -0.359104 -0.337784 -20.5751 -19.3536
22.8501 -0.360186 -0.338009 -0.356026 -0.337507 -20.3988 -19.3377
22.8751 -0.358708 -0.337958 -0.352793 -0.337754 -20.2135 -19.3519
22.9001 -0.356681 -0.338031 -0.348573 -0.338321 -19.9718 -19.3844
22.9251 -0.354131 -0.33813 -0.34393 -0.338527 -19.7057 -19.3962
22.9501 -0.351317 -0.338211 -0.34006 -0.338532 -19.484 -19.3965
22.9751 -0.348217 -0.338256 -0.335818 -0.338438 -19.2409 -19.3911
23.0001 -0.345073 -0.338177 -0.3325 -0.337861 -19.0508 -19.358
23.0251 -0.342055 -0.338022 -0.329981 -0.3374 -18.9065 -19.3316
23.0501 -0.33905 -0.337922 -0.327028 -0.337521 -18.7373 -19.3386
23.0751 -0.336072 -0.337852 -0.324164 -0.337574 -18.5733 -19.3415
23.1001 -0.333146 -0.337874 -0.32144 -0.337964 -18.4172 -19.3639
23.1251 -0.330224 -0.337918 -0.318538 -0.338094 -18.2509 -19.3714
23.1501 -0.327318 -0.337998 -0.315693 -0.338317 -18.0879 -19.3841
23.1751 -0.324451 -0.338147 -0.312983 -0.338742 -17.9326 -19.4085
23.2001 -0.321496 -0.338369 -0.309674 -0.339256 -17.743 -19.4379
23.2251 -0.318458 -0.338643 -0.306306 -0.339742 -17.55 -19.4658
23.2501 -0.315472 -0.338986 -0.303527 -0.340355 -17.3908 -19.5009
23.2751 -0.312461 -0.33936 -0.300419 -0.340857 -17.2127 -19.5297
23.3001 -0.309487 -0.339771 -0.297591 -0.341415 -17.0507 -19.5616
23.3252 -0.306628 -0.340185 -0.295191 -0.341842 -16.9132 -19.5861
23.3501 -0.303759 -0.340623 -0.292283 -0.342377 -16.7466 -19.6168
23.3751 -0.300993 -0.341016 -0.289927 -0.342587 -16.6116 -19.6288
23.4001 -0.298182 -0.341438 -0.28694 -0.343124 -16.4405 -19.6596
23.4251 -0.295442 -0.341844 -0.284481 -0.343469 -16.2996 -19.6793
23.4501 -0.292622 -0.342305 -0.281342 -0.344148 -16.1197 -19.7182
23.4751 -0.289626 -0.342813 -0.277641 -0.344843 -15.9077 -19.7581
23.5001 -0.286626 -0.343275 -0.274628 -0.345124 -15.735 -19.7742
23.5251 -0.283479 -0.343649 -0.270892 -0.345145 -15.521 -19.7754
23.5501 -0.279948 -0.344021 -0.265823 -0.345509 -15.2305 -19.7962
23.5751 -0.276193 -0.344368 -0.261171 -0.345759 -14.964 -19.8105
23.6001 -0.272406 -0.344636 -0.257259 -0.345705 -14.7398 -19.8074
23.6251 -0.268449 -0.344806 -0.25262 -0.345487 -14.474 -19.795
23.6501 -0.264471 -0.344963 -0.248559 -0.345589 -14.2414 -19.8008
23.6751 -0.26036 -0.345133 -0.243917 -0.345816 -13.9754 -19.8138
23.7001 -0.256049 -0.345385 -0.238806 -0.346393 -13.6826 -19.8468
23.7252 -0.25172 -0.345776 -0.234404 -0.347342 -13.4304 -19.9012
23.7501 -0.247193 -0.346307 -0.229082 -0.348427 -13.1254 -19.9634
23.7751 -0.242405 -0.346925 -0.223254 -0.349398 -12.7915 -20.019
23.8001 -0.237583 -0.347595 -0.218294 -0.350276 -12.5073 -20.0694
23.8251 -0.232472 -0.348413 -0.21203 -0.351682 -12.1484 -20.1499
23.8501 -0.227182 -0.349264 -0.206023 -0.352669 -11.8043 -20.2065
23.8751 -0.221869 -0.350137 -0.200614 -0.353632 -11.4943 -20.2616
23.9001 -0.216476 -0.350996 -0.194904 -0.35443 -11.1672 -20.3074
23.9251 -0.210949 -0.351939 -0.188841 -0.355712 -10.8198 -20.3808
23.9501 -0.20521 -0.353132 -0.182253 -0.357901 -10.4423 -20.5062
23.9751 -0.199502 -0.354374 -0.176671 -0.359345 -10.1225 -20.589
24.0001 -0.19395 -0.355527 -0.17174 -0.360135 -9.84 -20.6342
24.0251 -0.188893 -0.356477 -0.168666 -0.36028 -9.66383 -20.6425
24.0501 -0.184196 -0.357278 -0.165407 -0.36048 -9.47712 -20.654
24.0751 -0.17979 -0.357973 -0.162168 -0.360755 -9.29157 -20.6698
24.1001 -0.175477 -0.358656 -0.158224 -0.361387 -9.06556 -20.706
24.1251 -0.171331 -0.359344 -0.154748 -0.362094 -8.86641 -20.7465
24.1501 -0.167176 -0.360049 -0.150556 -0.362868 -8.62622 -20.7908
24.1751 -0.163032 -0.360729 -0.146457 -0.363451 -8.39137 -20.8242
24.2001 -0.159052 -0.36125 -0.143132 -0.363332 -8.20084 -20.8174
24.2251 -0.155049 -0.361592 -0.139035 -0.362962 -7.96612 -20.7962
24.2501 -0.15088 -0.361902 -0.134207 -0.36314 -7.68952 -20.8064
24.2751 -0.146706 -0.362187 -0.130009 -0.363327 -7.44894 -20.8171
24.3001 -0.142285 -0.362405 -0.124602 -0.363279 -7.13918 -20.8143
24.3251 -0.137569 -0.362634 -0.118703 -0.36355 -6.80117 -20.8299
24.3501 -0.132675 -0.362942 -0.113101 -0.364174 -6.48021 -20.8656
24.3751 -0.127442 -0.363595 -0.106509 -0.366207 -6.1025 -20.9821
24.4001 -0.121862 -0.365019 -0.0995425 -0.370716 -5.70337 -21.2405
24.4251 -0.116145 -0.366596 -0.0932782 -0.372905 -5.34445 -21.3659
24.4501 -0.110184 -0.367953 -0.0863364 -0.37338 -4.94671 -21.3931
24.4751 -0.104085 -0.36913 -0.0796922 -0.373836 -4.56603 -21.4192
24.5001 -0.0982097 -0.370075 -0.0747076 -0.373853 -4.28043 -21.4202
24.5251 -0.0924848 -0.370769 -0.0695853 -0.373546 -3.98694 -21.4026
24.5501 -0.0869457 -0.371189 -0.0647893 -0.37287 -3.71215 -21.3639
24.5751 -0.0817849 -0.371386 -0.0611419 -0.372174 -3.50317 -21.324
24.6001 -0.076911 -0.371403 -0.057415 -0.371471 -3.28964 -21.2837
24.6251 -0.0722146 -0.371302 -0.0534292 -0.370895 -3.06127 -21.2507
24.6501 -0.0678266 -0.371097 -0.0502747 -0.370278 -2.88053 -21.2154
24.6751 -0.0636842 -0.37083 -0.0471146 -0.369764 -2.69947 -21.1859
24.7001 -0.0596916 -0.370592 -0.0437211 -0.369638 -2.50504 -21.1787
24.7251 -0.0559871 -0.370403 -0.0411693 -0.369648 -2.35883 -21.1793
24.7501 -0.0520575 -0.370268 -0.036339 -0.36973 -2.08207 -21.1839
24.7751 -0.0478436 -0.370158 -0.0309877 -0.369716 -1.77547 -21.1832
24.8001 -0.043339 -0.370111 -0.0253205 -0.369922 -1.45076 -21.195
24.8251 -0.0389293 -0.370039 -0.0212909 -0.369751 -1.21988 -21.1851
24.8501 -0.0345411 -0.369901 -0.016988 -0.369348 -0.973341 -21.1621
24.8751 -0.0302307 -0.369709 -0.0129891 -0.368941 -0.744222 -21.1388
24.9001 -0.0261979 -0.369501 -0.0100666 -0.368671 -0.576771 -21.1233
24.9251 -0.0224093 -0.369295 -0.00725523 -0.368469 -0.415694 -21.1117
24.9501 -0.0189048 -0.369129 -0.00488655 -0.368468 -0.279978 -21.1117
24.9751 -0.0157402 -0.369011 -0.00308178 -0.368537 -0.176573 -21.1156
25.0001 -0.0128594 -0.368949 -0.00133634 -0.368703 -0.0765669 -21.1251
25.0251 -0.0102054 -0.368905 0.000410706 -0.368728 0.0235317 -21.1265
25.0501 -0.00784253 -0.368921 0.00160888 -0.368985 0.0921818 -21.1413
25.0751 -0.00566117 -0.368993 0.00306431 -0.369281 0.175572 -21.1582
25.1001 -0.00355793 -0.369064 0.00485501 -0.369349 0.278172 -21.1621
25.1251 -0.00153208 -0.369096 0.00657131 -0.369225 0.376509 -21.155
25.1501 0.000445562 -0.369144 0.00835614 -0.369334 0.478771 -21.1613
25.1751 0.00250574 -0.369206 0.0107465 -0.369453 0.615727 -21.1681
25.2001 0.00446456 -0.369234 0.0122998 -0.369346 0.704727 -21.1619
25.2251 0.00630533 -0.369175 0.0136684 -0.368943 0.783144 -21.1389
25.2501 0.00808474 -0.369038 0.0152024 -0.368487 0.871033 -21.1128
25.2751 0.00971804 -0.368866 0.0162512 -0.368177 0.931126 -21.095
25.3001 0.0112155 -0.368743 0.0172054 -0.368251 0.985795 -21.0992
25.3251 0.0125838 -0.368671 0.0180569 -0.368384 1.03458 -21.1068
25.3501 0.0137811 -0.368672 0.0185704 -0.368675 1.06401 -21.1235
25.3751 0.0148845 -0.368758 0.019298 -0.369102 1.10569 -21.148
25.4001 0.01588 -0.368859 0.0198619 -0.369262 1.138 -21.1571
25.4251 0.0167968 -0.368956 0.020464 -0.369343 1.1725 -21.1618
25.4501 0.0175537 -0.36896 0.0205812 -0.36898 1.17922 -21.141
25.4751 0.01813 -0.36886 0.0204354 -0.368461 1.17086 -21.1113
25.5001 0.0185231 -0.368655 0.0200956 -0.367835 1.15139 -21.0754
25.5251 0.0187402 -0.368358 0.0196086 -0.367169 1.12349 -21.0372
25.5502 0.0188512 -0.367997 0.0192952 -0.366555 1.10554 -21.002
25.5751 0.0189121 -0.367578 0.0191555 -0.365901 1.09753 -20.9646
25.6001 0.0189741 -0.36712 0.0192223 -0.365286 1.10135 -20.9293
25.6251 0.0189329 -0.366581 0.0187682 -0.364428 1.07534 -20.8802
25.6501 0.0188101 -0.366093 0.0183189 -0.364138 1.0496 -20.8636
25.6751 0.0187138 -0.365666 0.0183284 -0.36396 1.05014 -20.8534
25.7001 0.0186235 -0.365342 0.0182626 -0.364045 1.04637 -20.8582
25.7251 0.0185228 -0.365049 0.0181198 -0.363877 1.03819 -20.8486
25.7501 0.0184505 -0.364705 0.0181613 -0.363329 1.04056 -20.8172
25.7751 0.0183024 -0.364236 0.0177099 -0.362359 1.0147 -20.7617
25.8001 0.0181161 -0.363639 0.0173709 -0.361253 0.995277 -20.6983
25.8251 0.0179178 -0.362883 0.0171247 -0.359859 0.981174 -20.6184
25.8501 0.0175969 -0.361894 0.0163131 -0.35794 0.934674 -20.5084
25.8751 0.0172188 -0.360606 0.0157066 -0.355453 0.899921 -20.366
25.9001 0.0167707 -0.359135 0.0149781 -0.353252 0.858182 -20.2398
25.9251 0.0162424 -0.357368 0.0141292 -0.350296 0.809546 -20.0705
25.9501 0.015659 -0.355245 0.0133256 -0.346754 0.763498 -19.8676
25.9751 0.0150596 -0.352938 0.0126622 -0.343709 0.725489 -19.6931
26.0001 0.0143813 -0.3504 0.011668 -0.340251 0.66853 -19.4949
26.0252 0.0136106 -0.347752 0.0105276 -0.337161 0.603186 -19.3179
26.0501 0.0128362 -0.345117 0.00973846 -0.334577 0.557972 -19.1698
26.0751 0.012076 -0.342621 0.00903542 -0.332637 0.517691 -19.0587
26.1001 0.0113146 -0.340157 0.00826911 -0.330301 0.473785 -18.9248
26.1251 0.0105549 -0.337728 0.00751617 -0.32801 0.430645 -18.7936
26.1501 0.0097562 -0.335375 0.00656126 -0.325965 0.375932 -18.6764
26.1751 0.0088076 -0.332923 0.00501318 -0.323116 0.287234 -18.5132
26.2001 0.00776265 -0.330378 0.00358287 -0.320197 0.205284 -18.346
26.2251 0.00675994 -0.327943 0.00274908 -0.318202 0.15751 -18.2316
26.2501 0.00584552 -0.325571 0.00218783 -0.316084 0.125353 -18.1103
26.2751 0.00505258 -0.323245 0.00188084 -0.313943 0.107764 -17.9876
26.3001 0.00440757 -0.321025 0.00182751 -0.312142 0.104708 -17.8844
26.3251 0.00394927 -0.318853 0.00211611 -0.310164 0.121244 -17.7711
26.3501 0.0035435 -0.316674 0.00192039 -0.307959 0.11003 -17.6448
26.3751 0.00313564 -0.314557 0.0015042 -0.306088 0.0861845 -17.5376
26.4001 0.0027256 -0.3125 0.00108546 -0.304273 0.0621923 -17.4336
26.4251 0.00231515 -0.310509 0.000673354 -0.302543 0.0385803 -17.3344
26.4501 0.0019432 -0.308664 0.00045539 -0.301288 0.0260919 -17.2625
26.4751 0.00144613 -0.306994 -0.000542146 -0.300312 -0.0310627 -17.2066
26.5002 0.000748667 -0.305402 -0.00204119 -0.299036 -0.116952 -17.1335
26.5252 -0.000170131 -0.303907 -0.00384532 -0.297928 -0.220321 -17.07
26.5501 -0.00137598 -0.302538 -0.00619938 -0.297061 -0.355198 -17.0203
26.5751 -0.00288861 -0.301269 -0.00893911 -0.296194 -0.512173 -16.9707
26.6001 -0.00461621 -0.300047 -0.0115266 -0.29516 -0.660427 -16.9114
26.6251 -0.00685722 -0.298689 -0.0158213 -0.293253 -0.906492 -16.8022
26.6501 -0.00956644 -0.297057 -0.0204033 -0.290529 -1.16902 -16.6461
26.6751 -0.0124758 -0.295334 -0.0241133 -0.288443 -1.38159 -16.5266
26.7001 -0.0155285 -0.293604 -0.0277395 -0.286685 -1.58935 -16.4259
26.7251 -0.0186896 -0.292025 -0.0313336 -0.28571 -1.79528 -16.37
26.7501 -0.0218636 -0.290687 -0.03456 -0.285334 -1.98014 -16.3484
26.7751 -0.0249319 -0.289636 -0.0372047 -0.28543 -2.13167 -16.3539
26.8001 -0.0280559 -0.28881 -0.0405522 -0.285506 -2.32347 -16.3583
26.8251 -0.0309555 -0.288161 -0.0425538 -0.285569 -2.43815 -16.3619
26.8501 -0.0340666 -0.287719 -0.046511 -0.28595 -2.66488 -16.3837
26.8751 -0.0374316 -0.287334 -0.0508915 -0.285793 -2.91587 -16.3747
26.9001 -0.040926 -0.286969 -0.054904 -0.28551 -3.14577 -16.3585
26.9251 -0.0443826 -0.286654 -0.0582089 -0.285391 -3.33513 -16.3517
26.9501 -0.0479616 -0.286457 -0.0622775 -0.285673 -3.56824 -16.3679
26.9751 -0.0515718 -0.286435 -0.0660127 -0.286345 -3.78225 -16.4063
27.0001 -0.0551094 -0.2866 -0.0692598 -0.287261 -3.96829 -16.4589
27.0251 -0.05873 -0.287047 -0.0732122 -0.288835 -4.19475 -16.549
27.0501 -0.062444 -0.287733 -0.0772999 -0.290476 -4.42896 -16.643
27.0751 -0.0660426 -0.288539 -0.0804372 -0.291766 -4.60871 -16.717
27.1001 -0.0697034 -0.289512 -0.0843464 -0.293402 -4.83269 -16.8107
27.1251 -0.0734219 -0.290628 -0.088296 -0.295091 -5.05899 -16.9075
27.1501 -0.0770481 -0.29179 -0.0915529 -0.296439 -5.2456 -16.9847
27.1751 -0.0807189 -0.293085 -0.095402 -0.298262 -5.46613 -17.0891
27.2001 -0.0845659 -0.294473 -0.0999538 -0.300028 -5.72693 -17.1903
27.2251 -0.0884366 -0.295833 -0.103919 -0.301271 -5.95414 -17.2616
27.2501 -0.0925029 -0.297217 -0.108768 -0.302752 -6.23196 -17.3464
27.2751 -0.0967493 -0.298637 -0.113735 -0.304319 -6.51653 -17.4362
27.3001 -0.10095 -0.300154 -0.117753 -0.306221 -6.74675 -17.5452
27.3251 -0.105296 -0.301771 -0.122679 -0.308241 -7.02896 -17.6609
27.3501 -0.109852 -0.30347 -0.128076 -0.310264 -7.33823 -17.7768
27.3751 -0.114609 -0.305276 -0.133638 -0.312503 -7.65688 -17.9051
27.4001 -0.11921 -0.30717 -0.137615 -0.314742 -7.88478 -18.0334
27.4251 -0.123755 -0.309238 -0.141932 -0.31751 -8.13211 -18.192
27.4501 -0.128078 -0.311528 -0.14537 -0.320691 -8.32906 -18.3742
27.4751 -0.132158 -0.313858 -0.148478 -0.323179 -8.50718 -18.5168
27.5001 -0.135992 -0.316333 -0.151326 -0.326232 -8.67036 -18.6917
27.5251 -0.139523 -0.318943 -0.15365 -0.329383 -8.80349 -18.8723
27.5501 -0.142662 -0.321599 -0.155218 -0.332222 -8.89333 -19.0349
27.5751 -0.145512 -0.324371 -0.156913 -0.335459 -8.99046 -19.2204
27.6001 -0.148015 -0.327221 -0.158025 -0.338621 -9.05418 -19.4015
27.6251 -0.15016 -0.330064 -0.15874 -0.341435 -9.09515 -19.5628
27.6501 -0.152017 -0.33299 -0.159447 -0.344695 -9.13566 -19.7496
27.6751 -0.153483 -0.335986 -0.159344 -0.347972 -9.12976 -19.9373
27.7001 -0.154624 -0.338897 -0.159191 -0.350541 -9.12095 -20.0845
27.7251 -0.155272 -0.341943 -0.157863 -0.354127 -9.04487 -20.29
27.7501 -0.155523 -0.34511 -0.156526 -0.357779 -8.96825 -20.4992
27.7751 -0.155464 -0.348161 -0.155228 -0.360363 -8.89392 -20.6473
27.8001 -0.154961 -0.351195 -0.152948 -0.36333 -8.76328 -20.8173
27.8251 -0.153934 -0.354227 -0.149825 -0.366354 -8.58436 -20.9906
27.8501 -0.152446 -0.357213 -0.146497 -0.36916 -8.39367 -21.1513
27.8751 -0.150406 -0.36027 -0.142245 -0.372498 -8.15003 -21.3425
27.9001 -0.147864 -0.363339 -0.137695 -0.375613 -7.88935 -21.5211
27.9251 -0.145102 -0.366215 -0.134056 -0.377722 -7.68083 -21.6419
27.9502 -0.141875 -0.368961 -0.128964 -0.379941 -7.38909 -21.769
27.9751 -0.138265 -0.371561 -0.123827 -0.381961 -7.09476 -21.8847
28.0001 -0.134475 -0.373895 -0.119314 -0.383234 -6.83618 -21.9577
28.0251 -0.130369 -0.376668 -0.113945 -0.387757 -6.52854 -22.2169
28.0501 -0.125701 -0.379712 -0.107031 -0.391889 -6.13243 -22.4536
28.0751 -0.120484 -0.382925 -0.0996152 -0.395779 -5.70753 -22.6764
28.1001 -0.115051 -0.386138 -0.0933208 -0.398991 -5.34689 -22.8605
28.1251 -0.109435 -0.389465 -0.0869701 -0.402769 -4.98302 -23.077
28.1501 -0.103832 -0.392653 -0.0814182 -0.405408 -4.66492 -23.2281
28.1751 -0.0984901 -0.395513 -0.0771234 -0.406952 -4.41884 -23.3166
28.2001 -0.0934129 -0.397971 -0.0731045 -0.407802 -4.18858 -23.3653
28.2251 -0.0886471 -0.399968 -0.0695839 -0.407957 -3.98686 -23.3742
28.2502 -0.0842726 -0.401571 -0.0667746 -0.407985 -3.8259 -23.3758
28.2751 -0.0800651 -0.402807 -0.063235 -0.407749 -3.6231 -23.3623
28.3001 -0.0758943 -0.404052 -0.0592108 -0.409032 -3.39253 -23.4358
28.3251 -0.0718269 -0.405138 -0.0555576 -0.409483 -3.18322 -23.4617
28.3501 -0.0676508 -0.406205 -0.0509465 -0.410473 -2.91902 -23.5184
28.3751 -0.0632423 -0.407288 -0.0456082 -0.411621 -2.61316 -23.5841
28.4001 -0.058789 -0.4084 -0.0409757 -0.412846 -2.34774 -23.6544
28.4251 -0.0541039 -0.409483 -0.0353637 -0.413817 -2.02619 -23.7099
28.4501 -0.0492821 -0.410554 -0.0299948 -0.414835 -1.71857 -23.7683
28.4752 -0.0446154 -0.41158 -0.0259486 -0.415687 -1.48675 -23.8171
28.5001 -0.0399121 -0.412568 -0.0210987 -0.416519 -1.20887 -23.8648
28.5251 -0.0349582 -0.413287 -0.0151426 -0.416165 -0.867608 -23.8445
28.5501 -0.0300396 -0.413681 -0.0103655 -0.415257 -0.593899 -23.7925
28.5751 -0.0250996 -0.41371 -0.00533938 -0.413822 -0.305924 -23.7103
28.6001 -0.0201635 -0.413435 -0.000419386 -0.412338 -0.0240291 -23.6252
28.6251 -0.0154513 -0.412984 0.00339756 -0.41118 0.194666 -23.5589
28.6501 -0.0108227 -0.412354 0.00769197 -0.409831 0.440718 -23.4816
28.6751 -0.00624392 -0.411601 0.0120711 -0.408593 0.691621 -23.4106
28.7002 -0.0019303 -0.41088 0.0153242 -0.407997 0.87801 -23.3765
28.7251 0.00260021 -0.410041 0.0207222 -0.406685 1.1873 -23.3013
28.7501 0.00709355 -0.409137 0.0250669 -0.405517 1.43623 -23.2344
28.7751 0.0113627 -0.40818 0.0284392 -0.404351 1.62945 -23.1676
28.8001 0.0153126 -0.407119 0.0311125 -0.402878 1.78262 -23.0832
28.8251 0.0191006 -0.405845 0.0342526 -0.40075 1.96253 -22.9613
28.8501 0.022678 -0.404279 0.0369874 -0.398013 2.11922 -22.8045
28.8752 0.0258827 -0.402548 0.0387015 -0.395622 2.21743 -22.6675
28.9001 0.0288238 -0.400636 0.040588 -0.39299 2.32552 -22.5167
28.9251 0.0314789 -0.398605 0.0420993 -0.390482 2.41211 -22.373
28.9501 0.0338563 -0.396575 0.043366 -0.388454 2.48469 -22.2568
28.9751 0.0361107 -0.394472 0.045128 -0.386062 2.58565 -22.1197
29.0001 0.0382246 -0.392371 0.0466802 -0.383967 2.67458 -21.9997
29.0251 0.040176 -0.39037 0.0479816 -0.382364 2.74914 -21.9078
29.0501 0.0419594 -0.388268 0.0490933 -0.379862 2.81284 -21.7645
29.0751 0.0435431 -0.386098 0.0498779 -0.377419 2.85779 -21.6245
29.1001 0.044972 -0.384048 0.0506873 -0.375846 2.90417 -21.5344
29.1251 0.046319 -0.382092 0.051707 -0.374267 2.9626 -21.4439
29.1501 0.0475006 -0.38016 0.0522272 -0.372431 2.9924 -21.3387
29.1751 0.0484476 -0.378353 0.0522354 -0.371128 2.99287 -21.264
29.2001 0.049182 -0.376582 0.0521199 -0.369499 2.98625 -21.1707
29.2251 0.0496656 -0.374858 0.0516 -0.367959 2.95646 -21.0825
29.2501 0.050042 -0.37327 0.0515475 -0.366922 2.95345 -21.0231
29.2751 0.0502155 -0.371735 0.0509096 -0.365593 2.91691 -20.9469
29.3001 0.0501068 -0.370194 0.049672 -0.364032 2.846 -20.8575
29.3251 0.0497866 -0.368677 0.0485057 -0.362607 2.77917 -20.7759
29.3501 0.0492729 -0.36707 0.0472181 -0.360643 2.7054 -20.6633
29.3751 0.0485855 -0.365305 0.0458358 -0.358245 2.6262 -20.5259
29.4002 0.0479296 -0.363566 0.0453062 -0.356608 2.59586 -20.4321
29.4251 0.047225 -0.361633 0.0444064 -0.353901 2.5443 -20.2771
29.4501 0.0465354 -0.359573 0.0437769 -0.351334 2.50823 -20.13
29.4751 0.0458939 -0.35738 0.0433282 -0.348607 2.48252 -19.9737
29.5001 0.0453261 -0.355147 0.0430549 -0.346215 2.46687 -19.8367
29.5252 0.0448271 -0.35288 0.0428312 -0.343812 2.45405 -19.699
29.5501 0.044381 -0.350703 0.0425965 -0.341998 2.4406 -19.595
29.5751 0.0439617 -0.348744 0.0422846 -0.340908 2.42273 -19.5326
29.6001 0.0434434 -0.346956 0.0413701 -0.3398 2.37033 -19.4691
29.6251 0.0426288 -0.345347 0.0393705 -0.338915 2.25577 -19.4184
29.6501 0.0415065 -0.343905 0.0370173 -0.338135 2.12093 -19.3737
29.6751 0.0399134 -0.34246 0.0335411 -0.336679 1.92176 -19.2903
29.7001 0.0378004 -0.340979 0.0293485 -0.335054 1.68154 -19.1972
29.7251 0.035338 -0.339437 0.0254881 -0.33327 1.46036 -19.095
29.7501 0.0325153 -0.337852 0.0212244 -0.331512 1.21607 -18.9942
29.7751 0.029349 -0.336182 0.0166842 -0.329502 0.955932 -18.8791
29.8001 0.0261018 -0.334534 0.0131127 -0.327941 0.7513 -18.7897
29.8251 0.022572 -0.33293 0.0084531 -0.326512 0.484327 -18.7077
29.8501 0.0187138 -0.33145 0.00328082 -0.325533 0.187977 -18.6516
29.8751 0.0147539 -0.33014 -0.00108568 -0.324897 -0.0622046 -18.6152
29.9001 0.0105196 -0.329021 -0.00641778 -0.324548 -0.367712 -18.5952
29.9251 0.00614608 -0.328107 -0.0113478 -0.324451 -0.650183 -18.5897
29.9502 0.00184473 -0.327408 -0.0153607 -0.324612 -0.880101 -18.5989
29.9751 -0.00248045 -0.326914 -0.0197812 -0.32494 -1.13338 -18.6177
30.0001 -0.00686269 -0.326568 -0.0243916 -0.325184 -1.39754 -18.6317
30.0251 -0.0111995 -0.326299 -0.0285467 -0.32522 -1.6356 -18.6337
30.0501 -0.0156848 -0.32609 -0.033626 -0.325258 -1.92663 -18.6359
30.0751 -0.0203187 -0.325999 -0.0388542 -0.325631 -2.22618 -18.6573
30.1001 -0.0249409 -0.326057 -0.0434299 -0.326291 -2.48835 -18.6951
30.1251 -0.0293124 -0.326309 -0.0467984 -0.327319 -2.68135 -18.754
30.1501 -0.0335808 -0.326802 -0.0506544 -0.328774 -2.90228 -18.8373
30.1751 -0.0376721 -0.32756 -0.0540375 -0.33059 -3.09612 -18.9414
30.2001 -0.0415559 -0.328495 -0.057091 -0.332237 -3.27107 -19.0358
30.2251 -0.0454977 -0.329663 -0.061265 -0.334333 -3.51022 -19.1559
30.2501 -0.0493959 -0.331037 -0.0649885 -0.336534 -3.72357 -19.282
30.2751 -0.0531582 -0.332409 -0.0682077 -0.337896 -3.90801 -19.36
30.3001 -0.056944 -0.333859 -0.0720869 -0.339661 -4.13027 -19.4612
30.3251 -0.060671 -0.335468 -0.0755794 -0.341904 -4.33038 -19.5897
30.3501 -0.0643265 -0.337028 -0.0789485 -0.343267 -4.52342 -19.6677
30.3751 -0.0680272 -0.338572 -0.0828299 -0.344746 -4.74581 -19.7525
30.4001 -0.0717389 -0.340206 -0.0865858 -0.346742 -4.961 -19.8669
30.4251 -0.075204 -0.341856 -0.0890644 -0.348458 -5.10302 -19.9652
30.4501 -0.0785737 -0.343588 -0.0920523 -0.350514 -5.27421 -20.083
30.4751 -0.0818518 -0.345431 -0.0949642 -0.352805 -5.44105 -20.2143
30.5001 -0.0848843 -0.347313 -0.0970143 -0.354842 -5.55851 -20.3309
30.5251 -0.0877119 -0.349377 -0.0990221 -0.357631 -5.67355 -20.4907
30.5501 -0.090277 -0.351559 -0.100538 -0.360287 -5.76038 -20.6429
30.5751 -0.0924443 -0.353729 -0.101114 -0.36241 -5.79338 -20.7646
30.6001 -0.0943485 -0.355895 -0.101965 -0.364557 -5.84217 -20.8876
30.6251 -0.0961125 -0.357972 -0.103169 -0.366283 -5.91113 -20.9865
30.6501 -0.0976543 -0.359851 -0.103822 -0.367363 -5.94854 -21.0483
30.6751 -0.0989469 -0.36158 -0.104117 -0.368499 -5.96549 -21.1134
30.7001 -0.100026 -0.363233 -0.104342 -0.369845 -5.97834 -21.1905
30.7251 -0.100916 -0.364711 -0.104474 -0.370621 -5.98594 -21.235
30.7501 -0.101609 -0.366154 -0.104383 -0.371929 -5.98073 -21.31
30.7751 -0.102024 -0.367601 -0.103685 -0.373389 -5.9407 -21.3936
30.8001 -0.102183 -0.369116 -0.102817 -0.375178 -5.89096 -21.4961
30.8251 -0.102095 -0.370628 -0.101746 -0.376676 -5.82962 -21.582
30.8501 -0.10163 -0.372218 -0.0997708 -0.378575 -5.71644 -21.6908
30.8751 -0.100962 -0.373805 -0.098287 -0.380153 -5.63143 -21.7812
30.9001 -0.100235 -0.375318 -0.0973299 -0.381369 -5.57659 -21.8508
30.9251 -0.0995536 -0.376653 -0.0968262 -0.381997 -5.54774 -21.8868
30.9501 -0.0989773 -0.37773 -0.0966724 -0.382036 -5.53892 -21.8891
30.9751 -0.0985793 -0.378612 -0.0969871 -0.38214 -5.55695 -21.895
31.0001 -0.0982661 -0.379364 -0.0970135 -0.382371 -5.55846 -21.9082
31.0251 -0.0979591 -0.380048 -0.0967312 -0.382785 -5.54229 -21.932
31.0501 -0.0976068 -0.380728 -0.0961974 -0.383448 -5.51171 -21.97
31.0751 -0.0971427 -0.381548 -0.0952864 -0.384829 -5.45951 -22.0491
31.1001 -0.096629 -0.382469 -0.0945742 -0.386152 -5.4187 -22.1249
31.1251 -0.0961104 -0.383459 -0.094036 -0.387421 -5.38787 -22.1976
31.1501 -0.0956282 -0.384572 -0.0936992 -0.389025 -5.36857 -22.2895
31.1751 -0.0951055 -0.385723 -0.0930147 -0.390326 -5.32935 -22.3641
31.2001 -0.0946038 -0.386821 -0.0925969 -0.39121 -5.30541 -22.4147
31.2251 -0.0941095 -0.3879 -0.0921327 -0.392216 -5.27882 -22.4723
31.2501 -0.0937445 -0.388962 -0.0922845 -0.393213 -5.28751 -22.5295
31.2751 -0.0934241 -0.390009 -0.0921422 -0.394195 -5.27936 -22.5857
31.3001 -0.0933378 -0.390972 -0.0929927 -0.394826 -5.32809 -22.6219
31.3251 -0.093464 -0.391872 -0.0939687 -0.395471 -5.38401 -22.6588
31.3501 -0.0938078 -0.392759 -0.0951833 -0.396305 -5.4536 -22.7066
31.3751 -0.0945797 -0.393593 -0.0976669 -0.396931 -5.5959 -22.7425
31.4001 -0.0957826 -0.39428 -0.100594 -0.397027 -5.76362 -22.748
31.4251 -0.0971707 -0.394783 -0.102723 -0.396794 -5.8856 -22.7346
31.4501 -0.0992924 -0.395059 -0.107779 -0.396163 -6.17531 -22.6985
31.4751 -0.10176 -0.395097 -0.11163 -0.395248 -6.39593 -22.646
31.5002 -0.104498 -0.394956 -0.115448 -0.394396 -6.61467 -22.5972
31.5251 -0.10726 -0.394736 -0.11831 -0.393854 -6.77865 -22.5662
31.5501 -0.110148 -0.394421 -0.121701 -0.393164 -6.97296 -22.5266
31.5751 -0.112989 -0.394125 -0.124354 -0.392938 -7.12499 -22.5137
31.6001 -0.11569 -0.393872 -0.126492 -0.392859 -7.24746 -22.5092
31.6251 -0.118278 -0.393712 -0.12863 -0.393074 -7.36994 -22.5215
31.6501 -0.120628 -0.393655 -0.130026 -0.393424 -7.44997 -22.5415
31.6751 -0.122706 -0.393663 -0.131018 -0.393697 -7.50679 -22.5572
31.7001 -0.124516 -0.393598 -0.131759 -0.393338 -7.54922 -22.5366
31.7251 -0.126122 -0.393477 -0.132543 -0.392991 -7.59413 -22.5167
31.7502 -0.127475 -0.393337 -0.13289 -0.392777 -7.61405 -22.5044
31.7751 -0.128673 -0.393187 -0.133463 -0.392589 -7.64689 -22.4937
31.8001 -0.129811 -0.3932 -0.134365 -0.393252 -7.69852 -22.5317
31.8251 -0.130929 -0.393314 -0.1354 -0.393771 -7.75785 -22.5614
31.8501 -0.131927 -0.393516 -0.135918 -0.394322 -7.78753 -22.593
31.8751 -0.132841 -0.393778 -0.1365 -0.394826 -7.82089 -22.6219
31.9001 -0.13381 -0.394015 -0.137683 -0.394963 -7.88865 -22.6297
31.9251 -0.13511 -0.394082 -0.14031 -0.394348 -8.03915 -22.5945
31.9501 -0.136835 -0.393801 -0.143736 -0.392681 -8.23545 -22.499
31.9751 -0.138846 -0.393276 -0.14689 -0.391175 -8.41616 -22.4127
32.0001 -0.141036 -0.392504 -0.149795 -0.389415 -8.58264 -22.3118
32.0251 -0.143073 -0.391618 -0.151221 -0.388073 -8.6643 -22.2349
32.0501 -0.144923 -0.390719 -0.152324 -0.387123 -8.72751 -22.1805
32.0751 -0.14657 -0.389961 -0.153157 -0.386929 -8.77525 -22.1694
32.1001 -0.148264 -0.38926 -0.155039 -0.386456 -8.88306 -22.1423
32.1251 -0.149984 -0.388587 -0.156868 -0.385898 -8.98788 -22.1103
32.1502 -0.151569 -0.387974 -0.157908 -0.385522 -9.04747 -22.0888
32.1751 -0.153136 -0.3875 -0.159401 -0.385602 -9.13303 -22.0934
32.2001 -0.154743 -0.386951 -0.161173 -0.384754 -9.23453 -22.0448
32.2251 -0.156602 -0.386142 -0.164038 -0.382908 -9.3987 -21.939
32.2501 -0.158925 -0.384897 -0.168219 -0.379918 -9.63823 -21.7677
32.2751 -0.161203 -0.383605 -0.170313 -0.378434 -9.75824 -21.6827
32.3001 -0.163302 -0.382365 -0.1717 -0.377407 -9.83766 -21.6238
32.3251 -0.165308 -0.381167 -0.17333 -0.376375 -9.9311 -21.5647
32.3501 -0.166931 -0.380087 -0.173425 -0.375765 -9.93649 -21.5297
32.3751 -0.16803 -0.379259 -0.172427 -0.375947 -9.87935 -21.5402
32.4001 -0.168445 -0.37866 -0.170103 -0.376266 -9.74617 -21.5584
32.4251 -0.167981 -0.378375 -0.166124 -0.377236 -9.51823 -21.6141
32.4501 -0.166866 -0.378217 -0.162405 -0.377584 -9.30513 -21.634
32.4751 -0.16542 -0.377898 -0.159637 -0.376621 -9.14652 -21.5788
32.5001 -0.16362 -0.377394 -0.15642 -0.375377 -8.96222 -21.5075
32.5251 -0.161342 -0.376917 -0.152229 -0.375012 -8.72206 -21.4866
32.5501 -0.158618 -0.376475 -0.147724 -0.374707 -8.46395 -21.4691
32.5751 -0.155534 -0.376114 -0.143197 -0.374671 -8.20457 -21.467
32.6001 -0.152419 -0.375855 -0.13996 -0.374819 -8.01912 -21.4755
32.6251 -0.149062 -0.375702 -0.135635 -0.375092 -7.77129 -21.4912
32.6501 -0.145265 -0.375765 -0.130078 -0.376015 -7.4529 -21.5441
32.6751 -0.141382 -0.375919 -0.125848 -0.376534 -7.21057 -21.5738
32.7001 -0.137135 -0.376238 -0.120146 -0.377516 -6.88386 -21.6301
32.7251 -0.132557 -0.376747 -0.114244 -0.378784 -6.54571 -21.7027
32.7501 -0.127531 -0.377428 -0.107429 -0.380148 -6.15525 -21.7809
32.7751 -0.122165 -0.378232 -0.100701 -0.381449 -5.76977 -21.8554
32.8001 -0.116195 -0.379177 -0.0923127 -0.382957 -5.28913 -21.9418
32.8251 -0.110372 -0.380099 -0.0870797 -0.383789 -4.9893 -21.9895
32.8501 -0.104021 -0.381081 -0.0786196 -0.385009 -4.50457 -22.0594
32.8751 -0.0974044 -0.382063 -0.0709367 -0.385989 -4.06437 -22.1156
32.9001 -0.0904576 -0.382989 -0.0626706 -0.386696 -3.59076 -22.156
32.9251 -0.0834756 -0.383948 -0.0555473 -0.387784 -3.18263 -22.2184
32.9501 -0.0760776 -0.385029 -0.0464856 -0.389354 -2.66343 -22.3083
32.9751 -0.0684989 -0.386055 -0.0381844 -0.390155 -2.18781 -22.3542
33.0001 -0.0611446 -0.386972 -0.031727 -0.390644 -1.81782 -22.3822
33.0251 -0.0535105 -0.387881 -0.0229742 -0.391516 -1.31632 -22.4322
33.0501 -0.0457451 -0.388667 -0.0146836 -0.39181 -0.84131 -22.4491
33.0751 -0.0383189 -0.389228 -0.00861405 -0.39147 -0.493549 -22.4296
33.1001 -0.0309102 -0.3896 -0.0012754 -0.391091 -0.073075 -22.4079
33.1251 -0.0235848 -0.389784 0.00571689 -0.390517 0.327554 -22.375
33.1501 -0.0167862 -0.389869 0.0104084 -0.390208 0.596355 -22.3573
33.1751 -0.0101556 -0.39002 0.0163666 -0.390626 0.937737 -22.3812
33.2001 -0.00379915 -0.390142 0.0216267 -0.390628 1.23912 -22.3813
33.2251 0.00209484 -0.390334 0.0256708 -0.391104 1.47083 -22.4086
33.2501 0.0078208 -0.390704 0.0307247 -0.392181 1.76039 -22.4703
33.2751 0.0132895 -0.391054 0.0351642 -0.392456 2.01476 -22.4861
33.3001 0.0182357 -0.391283 0.0380206 -0.392199 2.17842 -22.4714
33.3251 0.0227965 -0.391431 0.0410397 -0.392021 2.3514 -22.4611
33.3501 0.0271903 -0.391569 0.0447654 -0.392123 2.56487 -22.467
33.3751 0.031271 -0.391682 0.0475938 -0.392133 2.72692 -22.4676
33.4001 0.0353084 -0.391817 0.0514579 -0.392359 2.94832 -22.4805
33.4251 0.0393287 -0.392024 0.0554098 -0.392853 3.17475 -22.5088
33.4501 0.0432278 -0.39224 0.0588245 -0.393102 3.37039 -22.5231
33.4752 0.0468706 -0.392463 0.0614416 -0.393353 3.52034 -22.5375
33.5001 0.0504672 -0.392623 0.0648537 -0.393266 3.71584 -22.5325
33.5251 0.0538943 -0.392652 0.0676029 -0.392769 3.87336 -22.504
33.5501 0.0572268 -0.392551 0.0705564 -0.392144 4.04259 -22.4682
33.5751 0.0606632 -0.392296 0.0744091 -0.391277 4.26333 -22.4185
33.6001 0.0641995 -0.391822 0.0783443 -0.389924 4.4888 -22.341
33.6251 0.0677326 -0.39115 0.081865 -0.388466 4.69052 -22.2574
33.6501 0.0715105 -0.390279 0.0866225 -0.386794 4.9631 -22.1617
33.6751 0.0753619 -0.389127 0.0907674 -0.38452 5.20059 -22.0314
33.7001 0.0791091 -0.387758 0.0940978 -0.382281 5.39141 -21.9031
33.7251 0.0828786 -0.386181 0.0979565 -0.379871 5.61249 -21.765
33.7501 0.0865523 -0.384363 0.101247 -0.377091 5.80103 -21.6057
33.7751 0.0900605 -0.382498 0.104093 -0.375039 5.9641 -21.4882
33.8001 0.0935747 -0.380511 0.107632 -0.372562 6.16683 -21.3462
33.8251 0.0967454 -0.37834 0.109428 -0.369655 6.26977 -21.1797
33.8501 0.0994296 -0.376076 0.110167 -0.36702 6.31208 -21.0287
33.8751 0.101667 -0.373601 0.110618 -0.363701 6.33794 -20.8386
33.9001 0.103481 -0.370918 0.110734 -0.360186 6.34457 -20.6371
33.9251 0.104923 -0.368051 0.110692 -0.356584 6.34219 -20.4308
33.9501 0.105996 -0.364817 0.110289 -0.351879 6.31908 -20.1612
33.9751 0.106655 -0.361216 0.10929 -0.346815 6.26188 -19.871
34.0002 0.107085 -0.357684 0.108804 -0.343554 6.23404 -19.6842
34.0251 0.107365 -0.353694 0.108487 -0.337732 6.21582 -19.3506
34.0501 0.107498 -0.349586 0.108032 -0.333157 6.18975 -19.0885
34.0751 0.107413 -0.345424 0.107073 -0.328775 6.13485 -18.8374
34.1001 0.107151 -0.341503 0.106099 -0.325817 6.07902 -18.668
34.1251 0.106651 -0.337681 0.104651 -0.322394 5.99605 -18.4718
34.1501 0.105924 -0.333957 0.103019 -0.319062 5.90257 -18.2809
34.1751 0.104944 -0.330335 0.101025 -0.315847 5.7883 -18.0967
34.2001 0.103604 -0.326699 0.098241 -0.312153 5.62879 -17.885
34.2251 0.102138 -0.323214 0.0962766 -0.309278 5.51624 -17.7203
34.2501 0.0999025 -0.319286 0.090959 -0.303571 5.21157 -17.3933
34.2751 0.0970026 -0.315184 0.0854032 -0.298777 4.89324 -17.1186
34.3001 0.0936139 -0.311083 0.0800589 -0.294681 4.58704 -16.884
34.3251 0.0899585 -0.307249 0.0753373 -0.291911 4.31651 -16.7252
34.3501 0.085998 -0.303704 0.0701556 -0.289525 4.01962 -16.5886
34.3751 0.0819632 -0.300762 0.0658241 -0.288991 3.77144 -16.558
34.4001 0.078025 -0.298463 0.0622722 -0.289267 3.56793 -16.5738
34.4251 0.0739759 -0.296766 0.0577795 -0.289978 3.31052 -16.6145
34.4501 0.0697695 -0.295623 0.0529442 -0.291051 3.03348 -16.676
34.4751 0.0654929 -0.294859 0.0483864 -0.291806 2.77233 -16.7192
34.5001 0.0606806 -0.294331 0.0414316 -0.292219 2.37385 -16.7429
34.5251 0.0553591 -0.293925 0.0340731 -0.2923 1.95225 -16.7475
34.5501 0.0497957 -0.293618 0.027542 -0.29239 1.57804 -16.7527
34.5752 0.0437828 -0.293453 0.0197311 -0.292793 1.13051 -16.7758
34.6001 0.0376528 -0.293632 0.0131326 -0.294348 0.752443 -16.8649
34.6251 0.0317247 -0.294136 0.00801268 -0.296154 0.459093 -16.9684
34.6501 0.0257442 -0.295012 0.00182202 -0.298514 0.104394 -17.1036
34.6751 0.0196827 -0.296216 -0.00456308 -0.301036 -0.261445 -17.2481
34.7001 0.0136274 -0.29751 -0.0105941 -0.302687 -0.606995 -17.3427
34.7251 0.00732149 -0.298957 -0.0179021 -0.304743 -1.02571 -17.4605
34.7501 0.000747266 -0.300391 -0.0255496 -0.306129 -1.46389 -17.5399
34.7751 -0.00608405 -0.301785 -0.0334093 -0.307358 -1.91421 -17.6103
34.8001 -0.0127713 -0.303197 -0.0395203 -0.308845 -2.26435 -17.6955
34.8251 -0.0195743 -0.304721 -0.0467864 -0.310816 -2.68066 -17.8085
34.8501 -0.0266187 -0.306317 -0.054796 -0.312704 -3.13958 -17.9166
34.8751 -0.0336409 -0.307931 -0.0617297 -0.314384 -3.53685 -18.0129
34.9001 -0.0409035 -0.309738 -0.0699541 -0.316967 -4.00807 -18.1609
34.9251 -0.0482614 -0.311728 -0.077693 -0.319687 -4.45148 -18.3167
34.9501 -0.05541 -0.313851 -0.0840041 -0.322342 -4.81308 -18.4688
34.9751 -0.062548 -0.316195 -0.0911001 -0.325572 -5.21965 -18.6539
35.0001 -0.0695132 -0.318812 -0.0973743 -0.32928 -5.57914 -18.8663
35.0251 -0.0759999 -0.321647 -0.101947 -0.332988 -5.84111 -19.0788
35.0501 -0.0820843 -0.324842 -0.106422 -0.33762 -6.09752 -19.3442
35.0751 -0.0875894 -0.328385 -0.10961 -0.342559 -6.28019 -19.6272
35.1001 -0.0924438 -0.332096 -0.111861 -0.346942 -6.40917 -19.8783
35.1251 -0.0967102 -0.336171 -0.113776 -0.352468 -6.51889 -20.1949
35.1501 -0.100224 -0.340621 -0.114281 -0.358422 -6.54784 -20.536
35.1751 -0.103092 -0.345246 -0.114563 -0.363745 -6.56397 -20.8411
35.2001 -0.105495 -0.350145 -0.115106 -0.369741 -6.59509 -21.1846
35.2251 -0.107356 -0.355214 -0.114799 -0.375489 -6.57753 -21.5139
35.2501 -0.108826 -0.360179 -0.114706 -0.380042 -6.57219 -21.7748
35.2751 -0.109993 -0.365093 -0.114661 -0.384747 -6.56962 -22.0444
35.3002 -0.110666 -0.369904 -0.113359 -0.389149 -6.49497 -22.2966
35.3251 -0.110761 -0.374543 -0.111138 -0.393098 -6.36777 -22.5229
35.3501 -0.110321 -0.379054 -0.108563 -0.3971 -6.22019 -22.7521
35.3751 -0.109287 -0.383348 -0.105151 -0.400521 -6.0247 -22.9482
35.4001 -0.107641 -0.387328 -0.101058 -0.403251 -5.79019 -23.1046
35.4251 -0.105416 -0.39095 -0.0965168 -0.405437 -5.53001 -23.2299
35.4502 -0.102874 -0.394118 -0.092706 -0.40679 -5.31166 -23.3074
35.4751 -0.0998704 -0.397062 -0.0878549 -0.408837 -5.03372 -23.4246
35.5001 -0.0965803 -0.399824 -0.0834199 -0.410873 -4.77961 -23.5413
35.5251 -0.093132 -0.402425 -0.0793386 -0.412827 -4.54577 -23.6532
35.5501 -0.0895946 -0.404742 -0.0754454 -0.414009 -4.3227 -23.721
35.5752 -0.0861153 -0.40676 -0.072198 -0.414836 -4.13664 -23.7683
35.6001 -0.0825403 -0.408639 -0.0682401 -0.416151 -3.90987 -23.8437
35.6251 -0.0792444 -0.410287 -0.0660608 -0.416879 -3.78501 -23.8854
35.6501 -0.0768373 -0.411435 -0.0672092 -0.416029 -3.8508 -23.8367
35.6751 -0.0752628 -0.412269 -0.0689645 -0.415604 -3.95138 -23.8124
35.7001 -0.0743248 -0.412716 -0.0705729 -0.414503 -4.04353 -23.7492
35.7251 -0.0737353 -0.412819 -0.0713774 -0.413234 -4.08963 -23.6766
35.7501 -0.0732226 -0.412847 -0.0711719 -0.412957 -4.07785 -23.6607
35.7751 -0.0720578 -0.412807 -0.0673983 -0.412649 -3.86164 -23.643
35.8001 -0.0696715 -0.41178 -0.0601266 -0.407671 -3.445 -23.3578
35.8251 -0.0677652 -0.408607 -0.0601398 -0.395915 -3.44576 -22.6843
35.8501 -0.0665261 -0.405873 -0.0615698 -0.394937 -3.52769 -22.6282
35.8751 -0.0659655 -0.403599 -0.063723 -0.394502 -3.65106 -22.6033
35.9001 -0.0662024 -0.401804 -0.06715 -0.394627 -3.84741 -22.6105
35.9251 -0.0666572 -0.400423 -0.0684763 -0.394895 -3.9234 -22.6258
35.9501 -0.0673874 -0.399105 -0.0703082 -0.393834 -4.02836 -22.565
35.9751 -0.0682441 -0.39842 -0.0716709 -0.395683 -4.10644 -22.671
36.0002 -0.0687831 -0.397722 -0.0709393 -0.39493 -4.06452 -22.6278
36.0251 -0.0690467 -0.397008 -0.0701011 -0.394153 -4.0165 -22.5833
36.0501 -0.0692016 -0.396352 -0.069821 -0.393728 -4.00045 -22.559
36.0751 -0.0690403 -0.395837 -0.0683951 -0.393774 -3.91875 -22.5616
36.1001 -0.068631 -0.395376 -0.066994 -0.393531 -3.83847 -22.5477
36.1251 -0.0681738 -0.394764 -0.0663447 -0.392318 -3.80127 -22.4782
36.1501 -0.0676137 -0.394432 -0.0653735 -0.393104 -3.74562 -22.5232
36.1751 -0.0672942 -0.394262 -0.0660162 -0.393579 -3.78245 -22.5504
36.2001 -0.0671593 -0.394136 -0.0666197 -0.393633 -3.81703 -22.5535
36.2251 -0.06691 -0.394297 -0.0659128 -0.394942 -3.77653 -22.6285
36.2501 -0.0663405 -0.394707 -0.0640625 -0.396348 -3.67051 -22.7091
36.2751 -0.0657172 -0.395067 -0.0632243 -0.396508 -3.62248 -22.7182
36.3001 -0.0648096 -0.395366 -0.0611791 -0.396562 -3.5053 -22.7213
36.3251 -0.0638483 -0.395626 -0.0600032 -0.396667 -3.43793 -22.7274
36.3501 -0.0631409 -0.395818 -0.060311 -0.396583 -3.45557 -22.7225
36.3752 -0.0626524 -0.395982 -0.0606985 -0.396639 -3.47777 -22.7257
36.4001 -0.0619569 -0.396174 -0.0591751 -0.396942 -3.39049 -22.7431
36.4251 -0.0611788 -0.39639 -0.0580662 -0.397256 -3.32695 -22.7611
36.4501 -0.06056 -0.396537 -0.058085 -0.397124 -3.32802 -22.7535
36.4751 -0.0601654 -0.396638 -0.058587 -0.397043 -3.35679 -22.7489
36.5002 -0.0600532 -0.396852 -0.0596044 -0.397708 -3.41508 -22.787
36.5251 -0.0601252 -0.397194 -0.0604133 -0.398562 -3.46143 -22.8359
36.5501 -0.0603236 -0.397401 -0.0611169 -0.39823 -3.50174 -22.8169
36.5751 -0.0605658 -0.397381 -0.0615347 -0.397302 -3.52568 -22.7637
36.6001 -0.0611703 -0.397392 -0.0635885 -0.397432 -3.64335 -22.7712
36.6251 -0.0621317 -0.397228 -0.065977 -0.396572 -3.7802 -22.7219
36.6501 -0.0630528 -0.397039 -0.0667374 -0.396284 -3.82377 -22.7054
36.6751 -0.0640006 -0.396915 -0.067792 -0.39642 -3.8842 -22.7132
36.7001 -0.0646313 -0.396739 -0.0671541 -0.396033 -3.84765 -22.691
36.7251 -0.0650522 -0.396481 -0.0667355 -0.395453 -3.82366 -22.6578
36.7501 -0.0654037 -0.396095 -0.0668097 -0.394547 -3.82792 -22.6059
36.7751 -0.065541 -0.395864 -0.0660905 -0.394943 -3.78671 -22.6286
36.8001 -0.0656708 -0.395751 -0.0661898 -0.395296 -3.79239 -22.6488
36.8251 -0.0661046 -0.395333 -0.0678396 -0.393664 -3.88692 -22.5553
36.8501 -0.0667422 -0.394805 -0.0692926 -0.39269 -3.97017 -22.4995
36.8751 -0.0676242 -0.394139 -0.0711523 -0.391479 -4.07673 -22.4301
36.9002 -0.0685262 -0.393521 -0.0721342 -0.391049 -4.13299 -22.4055
36.9251 -0.0690555 -0.393216 -0.0711725 -0.391995 -4.07789 -22.4597
36.9501 -0.0691175 -0.393197 -0.0693657 -0.39312 -3.97436 -22.5241
36.9751 -0.0690564 -0.393203 -0.0688122 -0.393228 -3.94265 -22.5303
37.0001 -0.0687392 -0.393292 -0.0674703 -0.393648 -3.86576 -22.5544
37.0251 -0.0682442 -0.393496 -0.0662643 -0.39431 -3.79666 -22.5923
37.0501 -0.0682442 -0.393496 -0.0662643 -0.39431 -3.79666 -22.5923
37.0751 -0.0682442 -0.393496 -0.0662643 -0.39431 -3.79666 -22.5923
37.1001 -0.0682442 -0.393496 -0.0662643 -0.39431 -3.79666 -22.5923
37.1251 -0.0682442 -0.393496 -0.0662643 -0.39431 -3.79666 -22.5923
