2.4432e-05 0 0 0 0 0 0
0.0250605 0 0 0 0 0 0
0.0501138 0 0 0 0 0 0
0.0751509 0 0 0 0 0 0
0.100155 0 0 0 0 0 0
0.125125 0 0 0 0 0 0
0.150066 0 0 0 0 0 0
0.175092 0 0 0 0 0 0
0.200126 0 0 0 0 0 0
0.225118 0 0 0 0 0 0
0.250111 0 0 0 0 0 0
0.275128 -0.00825617 0.00278119 -0.0412809 0.0139059 -2.36522 0.796752
0.3001 -0.0145035 0.00473147 -0.0394928 0.0125326 -2.26277 0.718066
0.325099 -0.019396 0.00607196 -0.038966 0.0114339 -2.23259 0.655114
0.350096 -0.0232984 0.00720222 -0.0389082 0.0117233 -2.22928 0.671695
0.375126 -0.0267026 0.00800848 -0.040319 0.0112335 -2.31011 0.643634
0.400122 -0.0296311 0.00856197 -0.0413451 0.0107759 -2.3689 0.617414
0.425118 -0.0322462 0.00917571 -0.0427066 0.0116307 -2.44691 0.666388
0.450139 -0.0344305 0.00940217 -0.0431678 0.010308 -2.47333 0.590607
0.475098 -0.0360098 0.00938889 -0.0423271 0.00933576 -2.42517 0.5349
0.500125 -0.0370369 0.00924829 -0.0411454 0.00868587 -2.35746 0.497663
0.52516 -0.0377473 0.00884767 -0.0405888 0.0072452 -2.32556 0.415119
0.550146 -0.0382408 0.00815109 -0.0402149 0.00536479 -2.30414 0.30738
0.575132 -0.0386594 0.00727766 -0.0403335 0.00378394 -2.31094 0.216804
0.600099 -0.0390289 0.00657905 -0.0405072 0.0037846 -2.32089 0.216841
0.6251 -0.0390791 0.00609217 -0.0392798 0.00414463 -2.25057 0.23747
0.650103 -0.0385881 0.00560059 -0.0366239 0.00363431 -2.0984 0.20823
0.675152 -0.0374797 0.00518474 -0.033046 0.00352135 -1.89339 0.201758
0.70018 -0.0359863 0.00474665 -0.0300127 0.00299425 -1.7196 0.171558
0.725099 -0.0341576 0.00442273 -0.0268431 0.00312709 -1.538 0.179169
0.7501 -0.0322871 0.00420828 -0.0248052 0.00335049 -1.42123 0.191969
0.7751 -0.03055 0.00410085 -0.0236015 0.0036711 -1.35226 0.210339
0.800144 -0.0288627 0.00394698 -0.0221136 0.00333152 -1.26702 0.190882
0.825137 -0.0262328 0.00388558 -0.015713 0.00363995 -0.900291 0.208554
0.8501 -0.0225953 0.00394331 -0.00804532 0.00417427 -0.460963 0.239168
0.875141 -0.0203375 0.00408945 -0.0113064 0.00467397 -0.647812 0.267799
0.900104 -0.019012 0.00443111 -0.0137101 0.00579775 -0.785531 0.332186
0.925136 -0.0180584 0.00500851 -0.014244 0.00731815 -0.816119 0.419299
0.950113 -0.0172452 0.00570607 -0.0139923 0.00849632 -0.801699 0.486803
0.975105 -0.0166214 0.00642884 -0.0141261 0.0093199 -0.809367 0.533991
1.0001 -0.016309 0.00738934 -0.0150597 0.0112313 -0.862858 0.643508
1.02512 -0.0160279 0.00860171 -0.0149034 0.0134512 -0.853901 0.770696
1.05012 -0.0157598 0.0098549 -0.0146872 0.0148677 -0.841514 0.851856
1.07514 -0.0155464 0.0110723 -0.014693 0.0159421 -0.841849 0.913416
1.10014 -0.0152975 0.012186 -0.0143016 0.0166406 -0.819423 0.953437
1.12513 -0.0149908 0.0132313 -0.0137641 0.0174123 -0.788626 0.997651
1.15013 -0.0145658 0.0142389 -0.0128656 0.0182696 -0.737143 1.04677
1.17513 -0.013853 0.0152729 -0.0110018 0.0194088 -0.630357 1.11204
1.20014 -0.0129638 0.0163644 -0.00940696 0.0207305 -0.538979 1.18777
1.22518 -0.0120406 0.0178023 -0.00834789 0.023554 -0.478299 1.34955
1.2501 -0.0111112 0.0197712 -0.00739383 0.0276467 -0.423635 1.58404
1.27513 -0.0102759 0.0221204 -0.00693467 0.031517 -0.397327 1.80579
1.3001 -0.00944945 0.0248967 -0.00614358 0.0360019 -0.352001 2.06276
1.32515 -0.00851992 0.0277198 -0.0048018 0.0390121 -0.275123 2.23523
1.35015 -0.00766915 0.0306155 -0.00426606 0.0421985 -0.244427 2.41779
1.37513 -0.0068934 0.03354 -0.00379042 0.045238 -0.217175 2.59194
1.4001 -0.00632867 0.0366456 -0.00406973 0.0490683 -0.233178 2.8114
1.42513 -0.00584269 0.0397897 -0.00389878 0.052366 -0.223383 3.00035
1.45013 -0.005396 0.0429208 -0.00360923 0.055445 -0.206794 3.17677
1.47515 -0.00523114 0.0462816 -0.00457169 0.0597249 -0.261938 3.42198
1.50014 -0.00524315 0.0499648 -0.00529119 0.0646974 -0.303163 3.70689
1.5251 -0.00539183 0.0537728 -0.00598654 0.069005 -0.343004 3.95369
1.5501 -0.00576933 0.0578891 -0.00727936 0.0743541 -0.417077 4.26018
1.57513 -0.00617706 0.0621047 -0.00780799 0.0789673 -0.447365 4.52449
1.60014 -0.00647945 0.0660268 -0.007689 0.0817151 -0.440547 4.68193
1.62516 -0.00646937 0.0696577 -0.00642905 0.0841816 -0.368358 4.82325
1.6501 -0.00625901 0.0730974 -0.00541756 0.0868561 -0.310403 4.97649
1.67513 -0.00600778 0.0763918 -0.00500284 0.0895695 -0.286642 5.13196
1.7001 -0.0056822 0.0795928 -0.00437991 0.0923967 -0.250951 5.29394
1.72512 -0.00528956 0.0828118 -0.00371901 0.0956876 -0.213083 5.48249
1.75016 -0.004906 0.0859934 -0.00337173 0.0987199 -0.193186 5.65623
1.77511 -0.00465093 0.0894384 -0.00363068 0.103218 -0.208022 5.91398
1.8001 -0.00460283 0.093284 -0.00441041 0.108667 -0.252698 6.22613
1.8251 -0.00475468 0.0974888 -0.00536208 0.114308 -0.307225 6.54937
1.85013 -0.0053142 0.102503 -0.00755227 0.122561 -0.432713 7.02221
1.87517 -0.00606683 0.108018 -0.00907735 0.130078 -0.520094 7.45292
1.9001 -0.00686062 0.113701 -0.0100358 0.136432 -0.575009 7.81695
1.9251 -0.00768495 0.119626 -0.0109822 0.143325 -0.629236 8.21191
1.95013 -0.00837675 0.125647 -0.0111439 0.149732 -0.638501 8.57899
1.97513 -0.0089633 0.131887 -0.0113095 0.156847 -0.647987 8.98667
2.00014 -0.00936378 0.138071 -0.0109657 0.162808 -0.628288 9.3282
2.02511 -0.00953034 0.144261 -0.0101966 0.169023 -0.584223 9.6843
2.0501 -0.00943953 0.150202 -0.00907626 0.173965 -0.520032 9.96745
2.0751 -0.0091784 0.155836 -0.00813388 0.17837 -0.466037 10.2199
2.10009 -0.00870279 0.161298 -0.00680036 0.183147 -0.389632 10.4935
2.12514 -0.00823435 0.166691 -0.00636056 0.188263 -0.364433 10.7867
2.15012 -0.00801452 0.172151 -0.00713523 0.193992 -0.408818 11.1149
2.1751 -0.00809461 0.178129 -0.00841498 0.202042 -0.482143 11.5762
2.20013 -0.00833929 0.184432 -0.00931798 0.209642 -0.533881 12.0116
2.2251 -0.00860974 0.190475 -0.00969155 0.214645 -0.555285 12.2983
2.25013 -0.00890789 0.196313 -0.0101005 0.219666 -0.578716 12.5859
2.27515 -0.00913099 0.201804 -0.0100234 0.223768 -0.574299 12.821
2.30013 -0.00917918 0.20672 -0.00937193 0.226382 -0.536972 12.9707
2.3251 -0.00901147 0.211264 -0.00834064 0.229443 -0.477884 13.1461
2.35013 -0.0087187 0.21547 -0.00754762 0.232291 -0.432447 13.3093
2.37511 -0.00833176 0.21929 -0.00678399 0.23457 -0.388694 13.4398
2.40011 -0.00781196 0.222863 -0.00573275 0.237156 -0.328462 13.588
2.4251 -0.00728332 0.226295 -0.00516879 0.240021 -0.29615 13.7522
2.45013 -0.00677689 0.22954 -0.00475113 0.242521 -0.27222 13.8954
2.4751 -0.00634942 0.232918 -0.00463955 0.246432 -0.265827 14.1195
2.50013 -0.00600417 0.236424 -0.00462315 0.250444 -0.264887 14.3494
2.5251 -0.00569672 0.239866 -0.00446695 0.253636 -0.255937 14.5323
2.5501 -0.00538271 0.243348 -0.00412664 0.257276 -0.236439 14.7408
2.5751 -0.00508206 0.246791 -0.00387947 0.260565 -0.222277 14.9293
2.6001 -0.00467684 0.250056 -0.00305596 0.263115 -0.175094 15.0754
2.62513 -0.00408596 0.253202 -0.00172247 0.265784 -0.0986903 15.2283
2.65014 -0.00333281 0.256338 -0.000320176 0.268882 -0.0183447 15.4058
2.67514 -0.00259118 0.259437 0.000375327 0.271832 0.0215047 15.5748
2.70013 -0.00201612 0.262554 0.000284129 0.275021 0.0162794 15.7576
2.7251 -0.00158684 0.265936 0.000130297 0.279463 0.0074655 16.0121
2.75012 -0.00114529 0.269527 0.000620913 0.283891 0.0355757 16.2657
2.77521 -0.000584174 0.272978 0.00166027 0.286784 0.0951265 16.4315
2.80013 0.000197841 0.276497 0.00332591 0.290571 0.19056 16.6485
2.82513 0.00108057 0.280158 0.00461149 0.294802 0.264219 16.8909
2.8501 0.00200921 0.283693 0.00572377 0.297832 0.327948 17.0645
2.87513 0.00292766 0.287335 0.00660147 0.301905 0.378236 17.2979
2.90015 0.00375348 0.29113 0.00705673 0.306312 0.404321 17.5504
2.92515 0.00435122 0.295024 0.00674218 0.3106 0.386299 17.7961
2.95015 0.00470996 0.299143 0.00614493 0.31562 0.352079 18.0837
2.97511 0.00498893 0.303286 0.00610482 0.319858 0.349781 18.3265
3.00013 0.0051736 0.307233 0.00591226 0.323018 0.338748 18.5076
3.02516 0.00513967 0.311142 0.00500396 0.326781 0.286706 18.7232
3.05014 0.00501633 0.314964 0.00452298 0.33025 0.259148 18.9219
3.07514 0.00479343 0.318613 0.00390182 0.33321 0.223558 19.0915
3.10015 0.00459065 0.322182 0.00377952 0.336457 0.21655 19.2775
3.12517 0.00436673 0.325732 0.00347106 0.339935 0.198877 19.4768
3.15013 0.00404116 0.329205 0.00273886 0.343097 0.156925 19.658
3.17512 0.00363436 0.332676 0.00200718 0.34656 0.115003 19.8564
3.20011 0.00328384 0.336012 0.00188175 0.349356 0.107817 20.0166
3.2251 0.00293214 0.33912 0.00152534 0.351553 0.0873954 20.1425
3.2501 0.00250094 0.342304 0.000776126 0.355038 0.0444688 20.3422
3.2751 0.00216251 0.345378 0.000808788 0.357673 0.0463401 20.4931
3.30014 0.00193098 0.348341 0.00100488 0.360196 0.0575753 20.6377
3.32511 0.00172321 0.351106 0.000892148 0.362164 0.0511163 20.7505
3.35015 0.00139357 0.353788 7.50101e-05 0.364518 0.00429776 20.8853
3.37511 0.000984827 0.356305 -0.00065016 0.366372 -0.0372514 20.9916
3.40018 0.000571906 0.358555 -0.00107978 0.367555 -0.0618666 21.0594
3.42511 0.000222749 0.360549 -0.00117388 0.368523 -0.0672583 21.1148
3.4501 -1.91037e-05 0.36222 -0.000986515 0.368907 -0.0565231 21.1368
3.47511 -0.000234871 0.363707 -0.00109794 0.369653 -0.0629073 21.1795
3.50014 -0.000469026 0.365207 -0.00140565 0.371208 -0.0805377 21.2686
3.52513 -0.000567133 0.366766 -0.000959562 0.373001 -0.0549788 21.3714
3.5501 -0.00062666 0.368398 -0.000864766 0.374929 -0.0495474 21.4819
3.57513 -0.000743724 0.370136 -0.00121198 0.377088 -0.0694415 21.6056
3.60011 -0.000975085 0.372159 -0.00190053 0.380247 -0.108892 21.7865
3.62511 -0.00115489 0.37431 -0.00187413 0.382917 -0.10738 21.9395
3.65013 -0.00133505 0.376784 -0.00205568 0.386681 -0.117782 22.1552
3.6751 -0.00159006 0.379614 -0.00261011 0.390933 -0.149548 22.3988
3.70015 -0.00194112 0.382473 -0.00334534 0.393911 -0.191674 22.5694
3.72511 -0.00249622 0.385302 -0.00471663 0.396616 -0.270243 22.7244
3.75013 -0.00304881 0.387873 -0.00525914 0.398156 -0.301327 22.8127
3.77513 -0.00352085 0.390048 -0.00540901 0.398747 -0.309914 22.8465
3.8001 -0.00394866 0.391788 -0.0056599 0.39875 -0.324289 22.8467
3.82512 -0.00436018 0.393169 -0.00600627 0.398693 -0.344134 22.8434
3.85014 -0.00461371 0.394251 -0.00562782 0.39858 -0.32245 22.8369
3.87514 -0.00474056 0.395067 -0.00524798 0.398332 -0.300687 22.8227
3.90013 -0.00482976 0.395644 -0.00518654 0.397948 -0.297167 22.8008
3.9251 -0.00491738 0.396074 -0.00526785 0.397796 -0.301826 22.792
3.9501 -0.00498568 0.396368 -0.0052589 0.397545 -0.301313 22.7777
3.97513 -0.00501192 0.396525 -0.00511688 0.39715 -0.293176 22.755
4.00011 -0.00505291 0.396621 -0.00521686 0.397004 -0.298904 22.7466
4.02511 -0.00511631 0.396709 -0.00536993 0.397062 -0.307674 22.75
4.05013 -0.00528892 0.396712 -0.00597936 0.396724 -0.342592 22.7306
4.07513 -0.00554714 0.396706 -0.00658001 0.396683 -0.377007 22.7282
4.10014 -0.00581501 0.396694 -0.00688649 0.396648 -0.394567 22.7263
4.12514 -0.00605187 0.39666 -0.00699931 0.396524 -0.401031 22.7192
4.1501 -0.00628553 0.396579 -0.00722017 0.396254 -0.413685 22.7037
4.17513 -0.00657495 0.396497 -0.00773265 0.39617 -0.443048 22.6988
4.2001 -0.00688496 0.396257 -0.00812498 0.395297 -0.465527 22.6489
4.22514 -0.007151 0.395775 -0.00821517 0.393843 -0.470694 22.5656
4.25013 -0.00743029 0.395125 -0.00854745 0.392528 -0.489733 22.4902
4.2751 -0.00768255 0.394218 -0.00869157 0.390588 -0.497991 22.379
4.3001 -0.00787217 0.393072 -0.00863067 0.388487 -0.494501 22.2587
4.3251 -0.00804085 0.391793 -0.00871555 0.386677 -0.499364 22.155
4.35013 -0.0081835 0.390315 -0.00875413 0.384404 -0.501575 22.0247
4.37512 -0.00831095 0.388653 -0.00882071 0.382007 -0.50539 21.8874
4.40011 -0.00834976 0.386839 -0.00850502 0.379583 -0.487302 21.7485
4.4251 -0.00830537 0.384942 -0.0081278 0.377354 -0.465689 21.6208
4.45011 -0.00829653 0.383185 -0.00826117 0.376154 -0.47333 21.552
4.47519 -0.00833179 0.381627 -0.00847284 0.375395 -0.485458 21.5085
4.50014 -0.00837944 0.38029 -0.00857001 0.374943 -0.491025 21.4826
4.52511 -0.00828377 0.379065 -0.00790112 0.374166 -0.452701 21.4381
4.5501 -0.00807713 0.377924 -0.00725054 0.373359 -0.415425 21.3919
4.5751 -0.0078362 0.376682 -0.00687252 0.371712 -0.393766 21.2975
4.6001 -0.00760102 0.375379 -0.00666026 0.370168 -0.381605 21.209
4.62515 -0.00736635 0.374092 -0.00642771 0.368945 -0.36828 21.139
4.65012 -0.00714337 0.372716 -0.00625144 0.36721 -0.358181 21.0396
4.67514 -0.00688305 0.37124 -0.00584177 0.365339 -0.334709 20.9324
4.70014 -0.00663171 0.369844 -0.00562633 0.364261 -0.322365 20.8706
4.7251 -0.00640749 0.368596 -0.00551063 0.363602 -0.315736 20.8328
4.75011 -0.0062791 0.367538 -0.00576553 0.363305 -0.33034 20.8159
4.7751 -0.00620787 0.366705 -0.00592296 0.363374 -0.339361 20.8198
4.80015 -0.00614102 0.366012 -0.00587361 0.363242 -0.336533 20.8123
4.82511 -0.00612791 0.365448 -0.00607545 0.363192 -0.348098 20.8094
4.85014 -0.00613823 0.364939 -0.00617953 0.362903 -0.354061 20.7928
4.87513 -0.00619605 0.364531 -0.00642732 0.362896 -0.368258 20.7924
4.90012 -0.00624831 0.364074 -0.00645734 0.362246 -0.369978 20.7552
4.92512 -0.00626075 0.363573 -0.00631054 0.361571 -0.361567 20.7165
4.95013 -0.00628408 0.363098 -0.00637741 0.361195 -0.365399 20.695
4.97514 -0.00633454 0.362692 -0.00653636 0.361067 -0.374506 20.6876
5.0001 -0.00628242 0.362173 -0.00607396 0.360097 -0.348012 20.632
5.02513 -0.00614805 0.361664 -0.00561055 0.359628 -0.321461 20.6052
5.05017 -0.00602755 0.361225 -0.00554556 0.359472 -0.317737 20.5963
5.07514 -0.00605975 0.360904 -0.00618853 0.359621 -0.354577 20.6047
5.10013 -0.0061959 0.360606 -0.00674052 0.35941 -0.386204 20.5927
5.12511 -0.00633461 0.360254 -0.00688945 0.358845 -0.394737 20.5603
5.15014 -0.00657491 0.359859 -0.0075361 0.35828 -0.431787 20.528
5.17513 -0.00685791 0.359435 -0.00798991 0.357737 -0.457788 20.4968
5.20014 -0.00713633 0.358941 -0.00825003 0.356965 -0.472692 20.4526
5.2251 -0.00744944 0.358514 -0.00870185 0.356806 -0.498579 20.4434
5.2501 -0.00760258 0.358129 -0.00821512 0.356592 -0.470692 20.4312
5.2751 -0.00762528 0.357754 -0.00771608 0.356251 -0.442099 20.4117
5.30014 -0.00764551 0.357408 -0.00772645 0.356023 -0.442693 20.3986
5.32519 -0.00765473 0.357173 -0.0076916 0.356233 -0.440696 20.4107
5.3501 -0.00765596 0.357 -0.0076609 0.356307 -0.438938 20.4149
5.3751 -0.00766466 0.356818 -0.00769943 0.35609 -0.441145 20.4025
5.4001 -0.00767939 0.35667 -0.00773833 0.356077 -0.443374 20.4017
5.42515 -0.00768616 0.356546 -0.00771325 0.356054 -0.441936 20.4004
5.45011 -0.00770289 0.356379 -0.00776979 0.355708 -0.445176 20.3806
5.47514 -0.00777647 0.356198 -0.00807082 0.355474 -0.462424 20.3672
5.5001 -0.00791096 0.356014 -0.00844893 0.355277 -0.484088 20.3559
5.5251 -0.00811721 0.355842 -0.0089422 0.355154 -0.51235 20.3489
5.5501 -0.008385 0.355666 -0.00945617 0.354964 -0.541799 20.3379
5.57513 -0.00864476 0.355505 -0.00968377 0.35486 -0.554839 20.332
5.60011 -0.00900485 0.355417 -0.0104452 0.355067 -0.598468 20.3438
5.62511 -0.00949272 0.355418 -0.0114442 0.355418 -0.655705 20.364
5.6501 -0.0100932 0.355434 -0.0124953 0.355502 -0.715928 20.3688
5.6751 -0.0109269 0.355489 -0.0142614 0.355706 -0.81712 20.3805
5.70013 -0.011909 0.355531 -0.0158374 0.355702 -0.907416 20.3802
5.72512 -0.0128272 0.355458 -0.0165 0.355166 -0.94538 20.3495
5.7501 -0.0138658 0.355351 -0.0180201 0.354924 -1.03247 20.3356
5.7751 -0.015166 0.355294 -0.0203671 0.355066 -1.16695 20.3438
5.8001 -0.0165818 0.355287 -0.0222448 0.355257 -1.27453 20.3547
5.82516 -0.018194 0.355336 -0.024643 0.355532 -1.41194 20.3705
5.85013 -0.0201299 0.355594 -0.0278732 0.356627 -1.59702 20.4332
5.87511 -0.0224082 0.356267 -0.0315218 0.358957 -1.80607 20.5667
5.9001 -0.0253726 0.35756 -0.0372301 0.362731 -2.13313 20.783
5.9251 -0.0290709 0.359362 -0.043864 0.366571 -2.51322 21.003
5.95014 -0.0331509 0.361442 -0.0494712 0.369763 -2.83449 21.1858
5.97511 -0.0378749 0.363914 -0.0567709 0.3738 -3.25273 21.4171
6.00011 -0.0427235 0.36645 -0.0621178 0.376594 -3.55909 21.5773
6.02514 -0.0473787 0.368772 -0.0659994 0.37806 -3.78149 21.6613
6.05013 -0.0518609 0.370818 -0.0697898 0.379 -3.99866 21.7151
6.07511 -0.0566505 0.372606 -0.0758092 0.379758 -4.34354 21.7585
6.10016 -0.0615142 0.374032 -0.0809689 0.379739 -4.63917 21.7575
6.12516 -0.0666646 0.37509 -0.0872661 0.379322 -4.99998 21.7336
6.1501 -0.0720155 0.375794 -0.0934194 0.378607 -5.35254 21.6926
6.1751 -0.0773939 0.376118 -0.0989075 0.377417 -5.66698 21.6244
6.20012 -0.0825686 0.376179 -0.103267 0.376421 -5.91678 21.5673
6.22516 -0.0877911 0.376076 -0.108681 0.375664 -6.22697 21.5239
6.25011 -0.0929617 0.37587 -0.113644 0.375047 -6.51134 21.4886
6.2751 -0.0978135 0.375612 -0.11722 0.374579 -6.71624 21.4618
6.3001 -0.102453 0.375335 -0.121009 0.374227 -6.93329 21.4416
6.3251 -0.106867 0.375094 -0.124527 0.374131 -7.13487 21.4362
6.35013 -0.111023 0.37483 -0.127644 0.373775 -7.31344 21.4158
6.37514 -0.115112 0.374605 -0.131469 0.373705 -7.53263 21.4117
6.40013 -0.119142 0.374389 -0.135263 0.373522 -7.75001 21.4012
6.4251 -0.122926 0.374186 -0.138062 0.373375 -7.91039 21.3928
6.45012 -0.126534 0.373947 -0.140964 0.372992 -8.07666 21.3709
6.4751 -0.130077 0.373717 -0.144249 0.372798 -8.26484 21.3597
6.50013 -0.133674 0.373654 -0.148062 0.373402 -8.48332 21.3944
6.52511 -0.137608 0.373759 -0.153342 0.374181 -8.78586 21.439
6.5501 -0.141691 0.374026 -0.158023 0.375093 -9.05402 21.4912
6.5751 -0.145645 0.374404 -0.161464 0.375914 -9.25123 21.5383
6.6001 -0.149599 0.37481 -0.165412 0.376436 -9.47742 21.5682
6.62511 -0.153684 0.375271 -0.170024 0.377114 -9.74165 21.607
6.65011 -0.157969 0.375826 -0.17511 0.378048 -10.0331 21.6605
6.67514 -0.162332 0.376499 -0.179786 0.379189 -10.301 21.7259
6.70013 -0.166658 0.377145 -0.183963 0.379727 -10.5403 21.7568
6.72513 -0.17069 0.377643 -0.186814 0.379638 -10.7036 21.7517
6.75016 -0.174455 0.377912 -0.189515 0.378989 -10.8584 21.7145
6.7751 -0.178024 0.377955 -0.192303 0.378127 -11.0182 21.6651
6.80011 -0.181636 0.377917 -0.196082 0.377762 -11.2347 21.6442
6.82512 -0.185422 0.377949 -0.200569 0.37808 -11.4917 21.6624
6.85021 -0.189608 0.378208 -0.206351 0.379241 -11.8231 21.7289
6.8751 -0.194224 0.378623 -0.212685 0.380287 -12.1859 21.7888
6.90014 -0.198916 0.379043 -0.217686 0.380721 -12.4725 21.8137
6.9251 -0.203382 0.379289 -0.221247 0.380272 -12.6765 21.788
6.95014 -0.207603 0.379333 -0.224485 0.379512 -12.8621 21.7444
6.9751 -0.211552 0.379286 -0.227351 0.379094 -13.0262 21.7205
7.00012 -0.215314 0.379135 -0.230358 0.378532 -13.1985 21.6883
7.02526 -0.218929 0.378909 -0.23339 0.378005 -13.3722 21.6581
7.0501 -0.222255 0.378701 -0.23556 0.377869 -13.4966 21.6503
7.0752 -0.225388 0.3785 -0.237918 0.377699 -13.6317 21.6406
7.1001 -0.22837 0.378229 -0.2403 0.377141 -13.7682 21.6086
7.1251 -0.231208 0.377964 -0.242561 0.376906 -13.8977 21.5951
7.15012 -0.233937 0.377706 -0.244852 0.376675 -14.029 21.5819
7.17514 -0.23652 0.377434 -0.246853 0.376346 -14.1436 21.563
7.20014 -0.238936 0.377175 -0.248601 0.376137 -14.2438 21.5511
7.2251 -0.241284 0.377008 -0.250676 0.376341 -14.3627 21.5627
7.25012 -0.243705 0.376916 -0.25339 0.376546 -14.5182 21.5745
7.27515 -0.246064 0.376824 -0.255497 0.376457 -14.6389 21.5694
7.30013 -0.248353 0.376731 -0.257511 0.376357 -14.7543 21.5637
7.32516 -0.250525 0.376559 -0.259213 0.375873 -14.8518 21.5359
7.35011 -0.252514 0.376395 -0.26047 0.375737 -14.9238 21.5282
7.37513 -0.254195 0.376266 -0.260922 0.375751 -14.9497 21.529
7.4001 -0.255724 0.376241 -0.261837 0.376139 -15.0021 21.5512
7.42515 -0.256979 0.3762 -0.261998 0.376037 -15.0114 21.5453
7.45015 -0.258069 0.376243 -0.262432 0.376416 -15.0362 21.5671
7.4751 -0.259091 0.37636 -0.263177 0.376825 -15.0789 21.5905
7.5001 -0.260146 0.376507 -0.264365 0.377096 -15.147 21.606
7.52513 -0.261189 0.376653 -0.265362 0.377235 -15.2041 21.614
7.55013 -0.262255 0.376739 -0.266521 0.377087 -15.2706 21.6055
7.57515 -0.263396 0.376751 -0.267957 0.376798 -15.3528 21.5889
7.6001 -0.2645 0.376732 -0.268919 0.376654 -15.4079 21.5807
7.6251 -0.26551 0.376729 -0.269547 0.376717 -15.4439 21.5843
7.6501 -0.266463 0.376736 -0.270278 0.376765 -15.4858 21.5871
7.6751 -0.267412 0.37679 -0.271208 0.377007 -15.5391 21.6009
7.70011 -0.268414 0.376928 -0.272421 0.377481 -15.6086 21.6281
7.7251 -0.269472 0.377094 -0.273703 0.377757 -15.682 21.6439
7.75014 -0.27053 0.377263 -0.274764 0.377939 -15.7428 21.6543
7.7751 -0.271611 0.377467 -0.275936 0.378283 -15.81 21.674
7.8001 -0.272701 0.377709 -0.27706 0.378679 -15.8744 21.6967
7.82515 -0.273783 0.377952 -0.278111 0.378922 -15.9346 21.7106
7.85014 -0.274739 0.378102 -0.278564 0.378701 -15.9605 21.698
7.87521 -0.275596 0.378264 -0.279022 0.378915 -15.9868 21.7102
7.9003 -0.276341 0.378428 -0.279324 0.379083 -16.0041 21.7199
7.9251 -0.276996 0.378556 -0.279617 0.379069 -16.0209 21.7191
7.9501 -0.27756 0.37865 -0.279815 0.379025 -16.0322 21.7166
7.97513 -0.27803 0.378719 -0.279909 0.378995 -16.0376 21.7148
8.00011 -0.278429 0.378768 -0.280027 0.378962 -16.0444 21.7129
8.0251 -0.278681 0.378789 -0.279689 0.378876 -16.025 21.708
8.0501 -0.278795 0.378834 -0.279251 0.379014 -15.9999 21.7159
8.0751 -0.278692 0.378876 -0.278279 0.379045 -15.9442 21.7177
8.10018 -0.278299 0.378882 -0.276725 0.378903 -15.8552 21.7095
8.12511 -0.277662 0.378885 -0.275115 0.378899 -15.7629 21.7093
8.15011 -0.27684 0.378905 -0.273552 0.378983 -15.6734 21.7141
8.1751 -0.275584 0.378932 -0.27056 0.379042 -15.5019 21.7175
8.2001 -0.273734 0.378888 -0.266334 0.37871 -15.2598 21.6985
8.22513 -0.271371 0.378805 -0.26192 0.378474 -15.0069 21.685
8.25011 -0.2683 0.378686 -0.256016 0.37821 -14.6686 21.6698
8.27511 -0.264621 0.378579 -0.249902 0.378154 -14.3183 21.6666
8.30013 -0.260617 0.378539 -0.244605 0.378375 -14.0148 21.6793
8.3251 -0.256269 0.378592 -0.238875 0.378804 -13.6865 21.7039
8.35016 -0.251788 0.378728 -0.233862 0.379272 -13.3993 21.7307
8.37516 -0.2474 0.378886 -0.22985 0.379518 -13.1694 21.7448
8.40011 -0.242855 0.378999 -0.224675 0.379454 -12.873 21.7411
8.4251 -0.238128 0.379019 -0.219221 0.379099 -12.5604 21.7208
8.45013 -0.233415 0.378895 -0.214562 0.378398 -12.2935 21.6806
8.4751 -0.228528 0.378618 -0.208979 0.377512 -11.9736 21.6299
8.50015 -0.223821 0.378303 -0.204996 0.377042 -11.7454 21.6029
8.52511 -0.219312 0.377948 -0.201275 0.376527 -11.5322 21.5734
8.55011 -0.214765 0.37759 -0.196575 0.376156 -11.2629 21.5522
8.57513 -0.210078 0.377319 -0.191332 0.376236 -10.9625 21.5567
8.6001 -0.205544 0.377158 -0.187409 0.376516 -10.7377 21.5728
8.62512 -0.201017 0.377221 -0.182909 0.377474 -10.4799 21.6276
8.65017 -0.196407 0.377449 -0.177967 0.378358 -10.1968 21.6783
8.6751 -0.191765 0.377687 -0.173195 0.378642 -9.92332 21.6946
8.70016 -0.187332 0.377788 -0.1696 0.37819 -9.71734 21.6687
8.72519 -0.183131 0.377813 -0.16633 0.377913 -9.53001 21.6528
8.7501 -0.179279 0.377769 -0.163869 0.377592 -9.38898 21.6344
8.77514 -0.175911 0.377716 -0.162439 0.377506 -9.30706 21.6295
8.80013 -0.172912 0.377616 -0.160916 0.377213 -9.21979 21.6127
8.82514 -0.170186 0.3775 -0.159284 0.377038 -9.12631 21.6027
8.85013 -0.167461 0.377356 -0.156559 0.376782 -8.97019 21.588
8.87513 -0.164676 0.37718 -0.153535 0.376473 -8.7969 21.5703
8.90015 -0.162028 0.37701 -0.151439 0.37633 -8.6768 21.5621
8.92514 -0.159485 0.376772 -0.14931 0.375823 -8.55481 21.5331
8.95013 -0.156768 0.376495 -0.1459 0.375388 -8.35947 21.5081
8.97513 -0.153866 0.376213 -0.142259 0.375083 -8.15083 21.4907
9.00012 -0.150966 0.375917 -0.139364 0.374732 -7.98496 21.4706
9.02513 -0.148 0.375609 -0.13614 0.374378 -7.80026 21.4503
9.05014 -0.14523 0.375386 -0.13415 0.374495 -7.68621 21.457
9.07514 -0.142747 0.375247 -0.132813 0.37469 -7.6096 21.4682
9.10013 -0.140301 0.375114 -0.130517 0.374583 -7.4781 21.462
9.12514 -0.137742 0.374902 -0.127508 0.374052 -7.30566 21.4316
9.15014 -0.135103 0.374607 -0.124548 0.373428 -7.13605 21.3959
9.17512 -0.132524 0.374326 -0.122205 0.3732 -7.00185 21.3828
9.20019 -0.129929 0.374063 -0.119549 0.373011 -6.84966 21.372
9.2251 -0.127416 0.373804 -0.117366 0.372769 -6.72455 21.3581
9.25012 -0.124943 0.373581 -0.115052 0.372688 -6.592 21.3535
9.27513 -0.122503 0.373323 -0.11274 0.37229 -6.45954 21.3307
9.30015 -0.120157 0.373038 -0.110775 0.371898 -6.34691 21.3082
9.32514 -0.117754 0.372703 -0.108142 0.371366 -6.19606 21.2777
9.35013 -0.115411 0.372404 -0.106039 0.371207 -6.07557 21.2686
9.37513 -0.11317 0.372137 -0.104206 0.371071 -5.97055 21.2608
9.4001 -0.111059 0.371888 -0.102614 0.37089 -5.87934 21.2505
9.42511 -0.108963 0.371627 -0.100581 0.370583 -5.76288 21.2328
9.45014 -0.106729 0.371258 -0.0977935 0.369781 -5.60316 21.1869
9.47514 -0.104512 0.370867 -0.0956435 0.369305 -5.47997 21.1596
9.50013 -0.102373 0.370546 -0.0938174 0.369261 -5.37534 21.1571
9.5251 -0.100368 0.370258 -0.0923493 0.369106 -5.29123 21.1482
9.5501 -0.0985139 0.370052 -0.0910958 0.369228 -5.21941 21.1552
9.57513 -0.0967179 0.369905 -0.0895337 0.369319 -5.12991 21.1604
9.60011 -0.0948651 0.369747 -0.087454 0.369115 -5.01075 21.1487
9.62515 -0.0930133 0.369582 -0.085606 0.368923 -4.90486 21.1377
9.6501 -0.0911031 0.369415 -0.0834625 0.368748 -4.78205 21.1277
9.6751 -0.0890698 0.36923 -0.0809364 0.368486 -4.63731 21.1127
9.70014 -0.0869726 0.369008 -0.0785839 0.368124 -4.50253 21.092
9.72515 -0.0845955 0.3687 -0.0750871 0.367466 -4.30217 21.0542
9.75013 -0.0819971 0.368287 -0.0716036 0.366636 -4.10259 21.0067
9.7751 -0.0793669 0.367837 -0.068846 0.366039 -3.94459 20.9725
9.80012 -0.0766125 0.367358 -0.0655947 0.365442 -3.7583 20.9383
9.82516 -0.0738551 0.366899 -0.0628256 0.365061 -3.59964 20.9164
9.85014 -0.0713031 0.366541 -0.061095 0.36511 -3.50049 20.9193
9.87514 -0.0688695 0.366285 -0.0591353 0.365261 -3.3882 20.9279
9.90013 -0.0665743 0.366103 -0.0573936 0.365373 -3.28841 20.9343
9.9251 -0.0644645 0.36595 -0.0560249 0.365339 -3.20999 20.9324
9.95013 -0.0623939 0.365779 -0.0541116 0.365095 -3.10037 20.9184
9.97513 -0.0603858 0.365656 -0.0523533 0.365164 -2.99963 20.9224
10.0002 -0.0585399 0.36558 -0.0511566 0.365277 -2.93106 20.9289
10.0251 -0.0568382 0.36554 -0.050031 0.365378 -2.86657 20.9346
10.0501 -0.0551635 0.365514 -0.0484649 0.365409 -2.77684 20.9364
10.0751 -0.0533496 0.365443 -0.046094 0.365162 -2.64099 20.9222
10.1001 -0.0515028 0.365323 -0.0441158 0.364841 -2.52765 20.9039
10.1251 -0.0495355 0.365214 -0.0416659 0.364777 -2.38728 20.9002
10.1501 -0.0475444 0.36521 -0.0395804 0.365196 -2.26779 20.9242
10.1751 -0.0456708 0.365332 -0.0381764 0.365818 -2.18735 20.9598
10.2001 -0.0438182 0.36546 -0.0364074 0.36597 -2.08599 20.9685
10.2251 -0.0419325 0.365587 -0.03439 0.366094 -1.9704 20.9757
10.2501 -0.0402069 0.365736 -0.0333044 0.366333 -1.9082 20.9894
10.2751 -0.0385808 0.365908 -0.0320763 0.366596 -1.83784 21.0044
10.3001 -0.0370541 0.366078 -0.0309472 0.366756 -1.77315 21.0136
10.3251 -0.0356313 0.366235 -0.0299404 0.366867 -1.71546 21.0199
10.3501 -0.0342575 0.366364 -0.028762 0.366876 -1.64794 21.0205
10.3751 -0.0328982 0.366476 -0.0274612 0.366926 -1.57341 21.0233
10.4001 -0.0315575 0.366594 -0.0261944 0.367067 -1.50083 21.0314
10.4251 -0.0301874 0.366755 -0.024707 0.367398 -1.4156 21.0503
10.4501 -0.0288618 0.366974 -0.0235594 0.367851 -1.34986 21.0763
10.4751 -0.0275659 0.367163 -0.0223825 0.367921 -1.28242 21.0803
10.5002 -0.0263805 0.367333 -0.0216388 0.36801 -1.23981 21.0854
10.5252 -0.0253827 0.367475 -0.0213918 0.368044 -1.22566 21.0874
10.5501 -0.0246003 0.367587 -0.0214707 0.368035 -1.23018 21.0868
10.5752 -0.0239805 0.367687 -0.0215012 0.368086 -1.23193 21.0898
10.6002 -0.0234623 0.367695 -0.0213896 0.367729 -1.22554 21.0693
10.6251 -0.0230969 0.367668 -0.0216351 0.367561 -1.2396 21.0597
10.6501 -0.0228446 0.367637 -0.0218352 0.367513 -1.25107 21.0569
10.6751 -0.0226892 0.367579 -0.0220675 0.367345 -1.26438 21.0473
10.7001 -0.0224728 0.367488 -0.0216072 0.367124 -1.238 21.0347
10.7251 -0.0222884 0.367386 -0.0215511 0.36698 -1.23479 21.0264
10.7501 -0.0220687 0.367298 -0.0211898 0.366944 -1.21409 21.0244
10.7751 -0.0216531 0.367194 -0.0199907 0.36678 -1.14539 21.0149
10.8001 -0.021142 0.367166 -0.0190974 0.367055 -1.0942 21.0307
10.8251 -0.0205241 0.367235 -0.0180525 0.367509 -1.03433 21.0567
10.8501 -0.0197389 0.367295 -0.0165983 0.367537 -0.951014 21.0583
10.8751 -0.0188249 0.367333 -0.0151686 0.367484 -0.869097 21.0553
10.9001 -0.0177641 0.367415 -0.0135209 0.367742 -0.774693 21.0701
10.9252 -0.016514 0.367473 -0.0115138 0.367705 -0.659695 21.068
10.9501 -0.015162 0.36744 -0.00975396 0.36731 -0.558861 21.0453
10.9751 -0.0137132 0.367355 -0.00791817 0.367013 -0.453678 21.0283
11.0001 -0.012257 0.367246 -0.00643187 0.366811 -0.368519 21.0167
11.0252 -0.0108481 0.36717 -0.00521286 0.366864 -0.298675 21.0198
11.0502 -0.00946532 0.367172 -0.00393401 0.367183 -0.225402 21.038
11.0751 -0.00815097 0.367232 -0.00289356 0.367471 -0.165789 21.0545
11.1001 -0.00686134 0.367276 -0.00170283 0.36745 -0.0975649 21.0533
11.1251 -0.0055495 0.367299 -0.000302122 0.367391 -0.0173103 21.0499
11.1502 -0.00428258 0.367341 0.000785097 0.367513 0.0449827 21.057
11.1752 -0.00314247 0.367392 0.00141798 0.367596 0.0812444 21.0617
11.2001 -0.00203856 0.367489 0.00237706 0.367876 0.136196 21.0777
11.2251 -0.000709804 0.367464 0.00460522 0.367364 0.26386 21.0484
11.2501 0.000739929 0.367339 0.00653886 0.366838 0.374649 21.0182
11.2751 0.00237856 0.367161 0.00893307 0.366449 0.511827 20.996
11.3001 0.0041565 0.367075 0.0112683 0.366733 0.645624 21.0123
11.3251 0.0058369 0.36716 0.0125585 0.3675 0.719549 21.0562
11.3501 0.00757846 0.367337 0.0145447 0.368046 0.83335 21.0875
11.3751 0.00943878 0.36752 0.01688 0.36825 0.967155 21.0992
11.4001 0.0114429 0.367729 0.0194596 0.368565 1.11495 21.1172
11.4251 0.0134709 0.367958 0.0215827 0.368874 1.2366 21.1349
11.4502 0.0156521 0.368218 0.0243768 0.369259 1.39669 21.157
11.4752 0.0179618 0.368516 0.0272005 0.369707 1.55848 21.1827
11.5001 0.020288 0.368777 0.0295931 0.369821 1.69556 21.1892
11.5251 0.0227518 0.369008 0.032607 0.369931 1.86825 21.1955
11.5501 0.025376 0.369208 0.0358728 0.37001 2.05536 21.2
11.5751 0.0279371 0.369454 0.0381814 0.370439 2.18763 21.2246
11.6001 0.0304717 0.369801 0.0406102 0.371188 2.32679 21.2675
11.6251 0.0329997 0.370205 0.0431115 0.371818 2.47011 21.3036
11.6501 0.0352461 0.370621 0.0442319 0.372285 2.5343 21.3304
11.6751 0.0376396 0.371079 0.0472134 0.37291 2.70513 21.3662
11.7001 0.0399322 0.371524 0.0491028 0.373306 2.81339 21.3889
11.7251 0.0420327 0.371976 0.0504346 0.373785 2.88969 21.4163
11.7501 0.0440041 0.372432 0.0518898 0.374255 2.97306 21.4432
11.7751 0.0458849 0.372821 0.0534081 0.374377 3.06006 21.4502
11.8001 0.0476278 0.373164 0.0545993 0.374537 3.12831 21.4594
11.8252 0.049216 0.373494 0.0555686 0.374813 3.18385 21.4752
11.8501 0.0507148 0.3738 0.0567103 0.375025 3.24926 21.4874
11.8752 0.0521365 0.374055 0.0578232 0.375073 3.31303 21.4901
11.9001 0.053487 0.374295 0.0588892 0.375256 3.3741 21.5006
11.9251 0.0548026 0.374499 0.0600646 0.375313 3.44145 21.5039
11.9501 0.0560849 0.374683 0.0612142 0.375421 3.50732 21.51
11.9751 0.0573807 0.37488 0.0625638 0.375669 3.58464 21.5243
12.0001 0.0587201 0.375076 0.0640779 0.375859 3.67139 21.5351
12.0251 0.0601206 0.375292 0.0657224 0.376154 3.76562 21.552
12.0501 0.0614887 0.37545 0.0669613 0.376083 3.8366 21.548
12.0752 0.0628128 0.375591 0.068109 0.376157 3.90236 21.5522
12.1001 0.0641296 0.375717 0.069397 0.376219 3.97615 21.5558
12.1251 0.0653862 0.375789 0.0704123 0.376076 4.03433 21.5476
12.1501 0.0666226 0.375829 0.0715683 0.37599 4.10056 21.5427
12.1751 0.0677991 0.375844 0.0725051 0.375901 4.15424 21.5376
12.2001 0.0689449 0.375823 0.0735282 0.375742 4.21285 21.5285
12.2251 0.0701327 0.3758 0.0748838 0.375708 4.29052 21.5265
12.2501 0.0714023 0.375815 0.0764808 0.375874 4.38203 21.536
12.2751 0.0727489 0.375828 0.0781354 0.375879 4.47683 21.5363
12.3001 0.0742528 0.375864 0.0802682 0.376007 4.59903 21.5436
12.3251 0.0758614 0.37588 0.0822959 0.375944 4.71521 21.54
12.3501 0.0774819 0.375898 0.0839641 0.375971 4.81079 21.5416
12.3751 0.0791892 0.375891 0.0860185 0.375865 4.9285 21.5355
12.4001 0.0809549 0.375865 0.0880177 0.37576 5.04304 21.5294
12.4251 0.0826978 0.375834 0.0896694 0.37571 5.13768 21.5266
12.4501 0.0844197 0.37582 0.0913071 0.375764 5.23151 21.5297
12.4751 0.086123 0.37579 0.0929363 0.375669 5.32486 21.5243
12.5001 0.0877318 0.37575 0.0941668 0.375592 5.39536 21.5199
12.5251 0.089316 0.375681 0.0956529 0.375402 5.48051 21.5089
12.5501 0.0909834 0.375579 0.0976528 0.375172 5.5951 21.4958
12.5751 0.0926751 0.37544 0.099442 0.374886 5.69761 21.4794
12.6001 0.0945039 0.375221 0.101819 0.374343 5.83381 21.4483
12.6251 0.0963924 0.374976 0.103947 0.373996 5.9557 21.4284
12.6501 0.0983072 0.374732 0.105966 0.373755 6.07143 21.4146
12.6751 0.100308 0.37446 0.10831 0.373374 6.20569 21.3928
12.7001 0.102286 0.374237 0.110201 0.373345 6.31404 21.3911
12.7251 0.104162 0.374065 0.111665 0.373374 6.39794 21.3928
12.7501 0.105922 0.373927 0.112962 0.373377 6.47224 21.3929
12.7751 0.107651 0.373811 0.114568 0.373347 6.56429 21.3912
12.8001 0.109367 0.373694 0.116231 0.373225 6.65952 21.3842
12.8251 0.110981 0.373584 0.117436 0.373145 6.72857 21.3796
12.8501 0.112686 0.373476 0.119509 0.373043 6.84734 21.3738
12.8751 0.114414 0.373363 0.121324 0.372912 6.95137 21.3663
12.9001 0.116076 0.373312 0.122725 0.373108 7.03163 21.3775
12.9251 0.117736 0.373299 0.124375 0.373247 7.12616 21.3855
12.9501 0.119417 0.373262 0.126143 0.373112 7.22744 21.3777
12.9751 0.12106 0.373199 0.127629 0.372945 7.31259 21.3682
13.0001 0.122644 0.373106 0.128982 0.372736 7.39011 21.3562
13.0251 0.12423 0.373002 0.130576 0.372585 7.48146 21.3475
13.0501 0.125766 0.372894 0.131907 0.372466 7.5577 21.3407
13.0751 0.127356 0.372768 0.133716 0.372261 7.66137 21.329
13.1001 0.129092 0.372555 0.136038 0.371702 7.79441 21.2969
13.1251 0.130921 0.372302 0.138236 0.371292 7.92034 21.2735
13.1501 0.132916 0.372038 0.140897 0.370982 8.0728 21.2557
13.1751 0.135012 0.371787 0.143395 0.370785 8.21594 21.2444
13.2001 0.137099 0.371609 0.145448 0.370897 8.33354 21.2509
13.2251 0.139269 0.371473 0.147949 0.370926 8.47688 21.2525
13.2502 0.141543 0.371247 0.150637 0.370346 8.63085 21.2192
13.2751 0.143844 0.370891 0.15305 0.369464 8.76911 21.1687
13.3001 0.146069 0.370502 0.154967 0.36895 8.87896 21.1393
13.3251 0.148085 0.370221 0.15615 0.369095 8.94671 21.1476
13.3501 0.149936 0.36998 0.157339 0.369016 9.01484 21.143
13.3751 0.151566 0.369758 0.158087 0.368873 9.0577 21.1349
13.4001 0.153116 0.369481 0.159317 0.368371 9.12818 21.1061
13.4251 0.154605 0.36913 0.160561 0.367724 9.1995 21.069
13.4501 0.15592 0.368859 0.161178 0.367778 9.23482 21.0722
13.4751 0.157039 0.368711 0.161515 0.368117 9.2541 21.0915
13.5001 0.158147 0.368603 0.162582 0.368169 9.31524 21.0946
13.5251 0.159258 0.368507 0.163701 0.368127 9.37939 21.0921
13.5501 0.160374 0.368483 0.164839 0.368387 9.44456 21.107
13.5751 0.16155 0.368539 0.166254 0.368761 9.52564 21.1284
13.6001 0.162773 0.368544 0.167665 0.368563 9.60648 21.1171
13.6251 0.164078 0.368547 0.169299 0.368563 9.70013 21.1171
13.6501 0.165358 0.368623 0.170477 0.368924 9.76761 21.1378
13.6752 0.166576 0.368717 0.171447 0.369094 9.82319 21.1475
13.7001 0.167904 0.368807 0.173215 0.369165 9.9245 21.1516
13.7251 0.169264 0.368858 0.174707 0.369062 10.01 21.1457
13.7502 0.170666 0.3689 0.176273 0.369067 10.0997 21.146
13.7751 0.172252 0.368982 0.178594 0.36931 10.2327 21.1599
13.8002 0.173914 0.369184 0.180564 0.369993 10.3456 21.199
13.8251 0.175515 0.369498 0.18192 0.370755 10.4232 21.2427
13.8501 0.177112 0.36984 0.183497 0.371205 10.5136 21.2685
13.8751 0.178884 0.369963 0.185974 0.370457 10.6555 21.2256
13.9001 0.180746 0.369879 0.188193 0.36954 10.7827 21.1731
13.9251 0.182652 0.369735 0.190278 0.36916 10.9021 21.1513
13.9501 0.184522 0.36965 0.192 0.369308 11.0008 21.1598
13.9751 0.186282 0.369612 0.193324 0.369461 11.0766 21.1685
14.0001 0.188025 0.369547 0.194998 0.369287 11.1726 21.1586
14.0251 0.189772 0.369432 0.196757 0.368973 11.2733 21.1406
14.0501 0.19152 0.369233 0.198512 0.368437 11.3739 21.1099
14.0751 0.19321 0.369012 0.19997 0.368131 11.4574 21.0923
14.1001 0.194992 0.368743 0.202119 0.367667 11.5806 21.0658
14.1251 0.19679 0.368555 0.203984 0.367803 11.6874 21.0736
14.1501 0.198505 0.368447 0.205366 0.368013 11.7666 21.0856
14.1751 0.20021 0.368444 0.20703 0.368432 11.8619 21.1096
14.2002 0.201955 0.368452 0.208935 0.368486 11.9711 21.1127
14.2251 0.203575 0.368522 0.210056 0.368803 12.0353 21.1309
14.2501 0.205129 0.368593 0.211345 0.368875 12.1092 21.135
14.2751 0.206691 0.368575 0.212939 0.368502 12.2005 21.1136
14.3001 0.208139 0.368561 0.213929 0.368504 12.2572 21.1137
14.3251 0.209506 0.368589 0.214974 0.368703 12.3171 21.1251
14.3501 0.21076 0.368683 0.215776 0.36906 12.3631 21.1456
14.3751 0.211907 0.368851 0.216494 0.369522 12.4042 21.172
14.4001 0.212905 0.369094 0.216898 0.370064 12.4273 21.2031
14.4251 0.213845 0.36934 0.217604 0.370326 12.4678 21.2181
14.4501 0.214728 0.369524 0.218261 0.370257 12.5054 21.2142
14.4751 0.215529 0.369705 0.218733 0.370433 12.5325 21.2242
14.5001 0.216302 0.369892 0.219394 0.370636 12.5703 21.2359
14.5251 0.217077 0.370094 0.220179 0.370902 12.6153 21.2511
14.5501 0.217928 0.370322 0.22133 0.371237 12.6813 21.2703
14.5751 0.218754 0.370646 0.222057 0.371938 12.7229 21.3105
14.6002 0.219627 0.370937 0.223122 0.372102 12.7839 21.3199
14.6251 0.220593 0.37115 0.224454 0.372003 12.8602 21.3142
14.6501 0.221462 0.371371 0.224938 0.372255 12.888 21.3287
14.6751 0.2222 0.371658 0.225153 0.372808 12.9003 21.3603
14.7001 0.222912 0.37192 0.225762 0.372965 12.9352 21.3693
14.7252 0.223549 0.372078 0.226097 0.372712 12.9544 21.3548
14.7501 0.224021 0.372226 0.225907 0.372816 12.9435 21.3608
14.7751 0.224374 0.37234 0.225786 0.372798 12.9366 21.3597
14.8001 0.224721 0.372445 0.226111 0.372864 12.9552 21.3635
14.8251 0.225098 0.372577 0.226604 0.373106 12.9835 21.3774
14.8501 0.225433 0.372744 0.226776 0.37341 12.9933 21.3948
14.8751 0.225839 0.372867 0.227462 0.373361 13.0326 21.392
14.9001 0.226401 0.372878 0.228647 0.372922 13.1005 21.3669
14.9251 0.227013 0.372922 0.229464 0.373099 13.1473 21.377
14.9501 0.227731 0.373038 0.230603 0.3735 13.2126 21.4
14.9751 0.2286 0.373176 0.232076 0.373727 13.297 21.413
15.0001 0.229511 0.373359 0.233153 0.374091 13.3587 21.4338
15.0251 0.230412 0.373592 0.234016 0.374523 13.4082 21.4586
15.0501 0.231323 0.373741 0.234967 0.37434 13.4626 21.4481
15.0751 0.232174 0.373806 0.235579 0.374067 13.4977 21.4325
15.1001 0.232869 0.373893 0.23565 0.374242 13.5018 21.4425
15.1251 0.233374 0.373989 0.23539 0.374373 13.4869 21.45
15.1501 0.233747 0.374063 0.235241 0.374355 13.4783 21.449
15.1751 0.234066 0.374075 0.235345 0.374126 13.4843 21.4358
15.2001 0.234318 0.374036 0.235324 0.373881 13.4831 21.4218
15.2251 0.234499 0.373976 0.235225 0.373734 13.4774 21.4134
15.2501 0.23457 0.37393 0.234851 0.373744 13.456 21.414
15.2751 0.234519 0.373906 0.234317 0.373812 13.4254 21.4179
15.3001 0.23456 0.373828 0.234725 0.373517 13.4487 21.4009
15.3251 0.234579 0.373728 0.234655 0.373328 13.4448 21.3901
15.3501 0.234597 0.373795 0.234669 0.374062 13.4455 21.4322
15.3751 0.234742 0.373895 0.235322 0.374298 13.483 21.4457
15.4001 0.234962 0.373933 0.235841 0.374084 13.5127 21.4335
15.4251 0.235148 0.373969 0.235893 0.374114 13.5157 21.4352
15.4501 0.23528 0.374048 0.235808 0.374362 13.5108 21.4494
15.4751 0.235441 0.37408 0.236086 0.37421 13.5268 21.4407
15.5001 0.23559 0.374113 0.236183 0.374241 13.5323 21.4424
15.5251 0.235716 0.374171 0.236219 0.374404 13.5344 21.4518
15.5501 0.235876 0.374194 0.236517 0.374287 13.5514 21.4451
15.5751 0.236032 0.374224 0.236656 0.374343 13.5594 21.4483
15.6001 0.236272 0.374296 0.237231 0.374585 13.5924 21.4622
15.6251 0.236437 0.374367 0.237099 0.374652 13.5847 21.466
15.6501 0.236701 0.374428 0.237754 0.374672 13.6223 21.4671
15.6751 0.237116 0.37442 0.238777 0.374385 13.6809 21.4507
15.7001 0.237593 0.374413 0.239499 0.374385 13.7223 21.4507
15.7251 0.238132 0.374495 0.24029 0.374826 13.7676 21.476
15.7501 0.238759 0.374615 0.241268 0.375093 13.8237 21.4913
15.7751 0.239443 0.374712 0.242177 0.375098 13.8757 21.4915
15.8001 0.240163 0.374785 0.243043 0.37508 13.9253 21.4905
15.8251 0.240964 0.374851 0.244167 0.375112 13.9897 21.4923
15.8501 0.241769 0.374917 0.24499 0.37518 14.0369 21.4962
15.8751 0.242512 0.375048 0.245482 0.375573 14.0651 21.5187
15.9001 0.24315 0.375185 0.245702 0.375734 14.0777 21.528
15.9251 0.243707 0.375277 0.245934 0.375646 14.091 21.5229
15.9501 0.244223 0.375334 0.246291 0.375561 14.1114 21.5181
15.9751 0.244739 0.375348 0.246803 0.375403 14.1408 21.509
16.0001 0.245299 0.37531 0.247537 0.375161 14.1828 21.4952
16.0251 0.245928 0.375245 0.248443 0.374983 14.2347 21.485
16.0501 0.246507 0.375222 0.248826 0.375129 14.2567 21.4933
16.0751 0.247153 0.375238 0.249737 0.375304 14.3089 21.5033
16.1001 0.247891 0.375211 0.250843 0.375103 14.3723 21.4918
16.1251 0.248756 0.3752 0.252216 0.375157 14.4509 21.4949
16.1501 0.249632 0.375263 0.253136 0.375516 14.5036 21.5155
16.1752 0.250569 0.375357 0.254315 0.375733 14.5712 21.5279
16.2001 0.251743 0.375498 0.256441 0.376059 14.693 21.5466
16.2251 0.252991 0.375679 0.257983 0.376405 14.7813 21.5664
16.2501 0.254294 0.375858 0.259506 0.376574 14.8686 21.5761
16.2752 0.255636 0.376012 0.261003 0.376628 14.9544 21.5792
16.3001 0.256971 0.376227 0.26231 0.377088 15.0293 21.6055
16.3251 0.258226 0.376445 0.263247 0.377316 15.0829 21.6186
16.3501 0.259407 0.376722 0.264131 0.377831 15.1336 21.6481
16.3752 0.260483 0.376996 0.264788 0.378093 15.1712 21.6631
16.4001 0.26142 0.37721 0.265166 0.378065 15.1929 21.6615
16.4251 0.262251 0.377381 0.265577 0.378063 15.2165 21.6614
16.4501 0.263009 0.377536 0.266041 0.37816 15.243 21.6669
16.4751 0.263769 0.377706 0.266807 0.378386 15.2869 21.6799
16.5001 0.264541 0.377943 0.267632 0.378889 15.3342 21.7087
16.5251 0.265349 0.378197 0.268579 0.379213 15.3884 21.7273
16.5501 0.26616 0.378455 0.269406 0.379486 15.4358 21.743
16.5751 0.26707 0.378705 0.270707 0.379704 15.5104 21.7555
16.6002 0.26811 0.378872 0.272274 0.37954 15.6001 21.746
16.6251 0.269238 0.378945 0.273747 0.379237 15.6846 21.7287
16.6501 0.270454 0.37898 0.275317 0.379119 15.7745 21.7219
16.6751 0.271821 0.378937 0.27729 0.378769 15.8876 21.7018
16.7001 0.273252 0.378809 0.278975 0.378293 15.9841 21.6746
16.7251 0.274671 0.378671 0.280348 0.378121 16.0628 21.6648
16.7501 0.276071 0.378417 0.28167 0.377399 16.1385 21.6234
16.7751 0.277441 0.378034 0.282922 0.376501 16.2102 21.5719
16.8001 0.278773 0.377578 0.284103 0.375758 16.2779 21.5294
16.8251 0.28008 0.377079 0.285309 0.37508 16.347 21.4905
16.8501 0.281255 0.376659 0.285955 0.374978 16.384 21.4847
16.8751 0.282359 0.376289 0.286772 0.374813 16.4308 21.4752
16.9001 0.283407 0.375883 0.287599 0.374257 16.4782 21.4433
16.9251 0.284419 0.375457 0.288466 0.373755 16.5279 21.4146
16.9501 0.285345 0.37512 0.289053 0.37377 16.5615 21.4154
16.9751 0.286331 0.374741 0.290273 0.373228 16.6314 21.3844
17.0001 0.287356 0.374429 0.291458 0.373181 16.6993 21.3817
17.0251 0.288391 0.374205 0.292528 0.373305 16.7606 21.3888
17.0501 0.28943 0.37404 0.293586 0.37338 16.8212 21.3931
17.0751 0.290465 0.37395 0.294605 0.373591 16.8796 21.4052
17.1001 0.291465 0.373878 0.295467 0.373592 16.929 21.4052
17.1251 0.292527 0.373779 0.296775 0.373383 17.0039 21.3933
17.1501 0.293672 0.373612 0.298251 0.372943 17.0885 21.3681
17.1751 0.294769 0.373459 0.299156 0.372849 17.1403 21.3627
17.2001 0.2958 0.373424 0.299924 0.373285 17.1844 21.3876
17.2252 0.296874 0.373399 0.301172 0.373299 17.2559 21.3885
17.2501 0.297992 0.37329 0.302463 0.37285 17.3299 21.3627
17.2751 0.299106 0.373196 0.303562 0.372823 17.3928 21.3612
17.3001 0.300194 0.373169 0.304545 0.373062 17.4491 21.3749
17.3251 0.301217 0.373167 0.305309 0.373156 17.4929 21.3803
17.3501 0.302267 0.373108 0.306466 0.372874 17.5592 21.3641
17.3751 0.303366 0.373049 0.307761 0.372811 17.6334 21.3605
17.4001 0.304479 0.373046 0.308931 0.373037 17.7005 21.3735
17.4251 0.305566 0.373084 0.309914 0.373235 17.7568 21.3848
17.4501 0.306813 0.373063 0.311799 0.372979 17.8648 21.3701
17.4751 0.308114 0.373009 0.313321 0.372794 17.952 21.3595
17.5001 0.309387 0.372892 0.31448 0.372421 18.0184 21.3381
17.5251 0.310717 0.372752 0.316037 0.372194 18.1076 21.3252
17.5501 0.311983 0.372745 0.317047 0.372717 18.1655 21.3551
17.5751 0.313195 0.372752 0.318041 0.372778 18.2224 21.3586
17.6001 0.314497 0.372755 0.319705 0.372766 18.3178 21.3579
17.6252 0.315747 0.372795 0.320749 0.372959 18.3775 21.369
17.6501 0.316961 0.3728 0.321814 0.372816 18.4386 21.3608
17.6753 0.318207 0.372751 0.323192 0.372558 18.5175 21.346
17.7001 0.319345 0.372765 0.323896 0.37282 18.5579 21.361
17.7251 0.320383 0.372799 0.324534 0.372935 18.5944 21.3676
17.7501 0.32137 0.37286 0.325319 0.373104 18.6394 21.3773
17.7751 0.322281 0.372873 0.325927 0.372927 18.6742 21.3672
17.8001 0.323059 0.372866 0.326168 0.372837 18.688 21.362
17.8251 0.323758 0.372923 0.326557 0.373151 18.7103 21.38
17.8502 0.324432 0.372925 0.327129 0.372931 18.7431 21.3674
17.8751 0.325011 0.372952 0.327324 0.37306 18.7543 21.3748
17.9001 0.325597 0.372956 0.327943 0.372974 18.7897 21.3699
17.9251 0.326214 0.372928 0.328682 0.372815 18.8321 21.3607
17.9501 0.326845 0.372889 0.329366 0.372732 18.8713 21.356
17.9751 0.327494 0.372844 0.330091 0.372663 18.9128 21.352
18.0001 0.328206 0.372849 0.331054 0.372872 18.968 21.364
18.0251 0.328939 0.372847 0.331873 0.372836 19.0149 21.3619
18.0501 0.329752 0.372874 0.333005 0.372986 19.0798 21.3705
18.0751 0.330599 0.37293 0.333987 0.373152 19.136 21.38
18.1001 0.331437 0.372991 0.334789 0.373236 19.182 21.3848
18.1251 0.332261 0.373019 0.335556 0.373132 19.2259 21.3789
18.1501 0.3331 0.372871 0.336456 0.372279 19.2775 21.33
18.1751 0.333896 0.372597 0.33708 0.371502 19.3133 21.2855
18.2001 0.334507 0.372375 0.336952 0.371487 19.3059 21.2846
18.2251 0.335 0.372177 0.336973 0.371382 19.3071 21.2786
18.2502 0.335401 0.372006 0.337005 0.371322 19.309 21.2752
18.2751 0.335755 0.371834 0.337171 0.371148 19.3185 21.2652
18.3001 0.336037 0.371711 0.337163 0.371218 19.318 21.2692
18.3252 0.336304 0.371597 0.337371 0.371143 19.33 21.2649
18.3501 0.336502 0.371502 0.337294 0.371121 19.3255 21.2637
18.3751 0.336637 0.371445 0.337177 0.371218 19.3188 21.2692
18.4001 0.336795 0.371415 0.33743 0.371292 19.3333 21.2735
18.4251 0.336943 0.371343 0.337536 0.371054 19.3394 21.2598
18.4501 0.337064 0.371351 0.337547 0.371385 19.34 21.2788
18.4751 0.33702 0.371506 0.336845 0.372125 19.2998 21.3212
18.5001 0.336918 0.371691 0.336512 0.372434 19.2807 21.3389
18.5251 0.336692 0.371909 0.335785 0.37278 19.2391 21.3587
18.5501 0.336269 0.372058 0.334579 0.372654 19.17 21.3515
18.5751 0.335582 0.372107 0.332834 0.372304 19.07 21.3315
18.6001 0.334473 0.372021 0.330036 0.371678 18.9097 21.2956
18.6251 0.332892 0.371804 0.326566 0.370936 18.7108 21.2531
18.6501 0.330916 0.371563 0.323013 0.370596 18.5073 21.2336
18.6752 0.328375 0.371281 0.31821 0.370153 18.2321 21.2082
18.7001 0.32537 0.370954 0.313353 0.369647 17.9538 21.1792
18.7251 0.32199 0.370516 0.308471 0.368763 17.6741 21.1285
18.7501 0.318476 0.370036 0.304419 0.368117 17.4419 21.0915
18.7751 0.314736 0.369547 0.299776 0.36759 17.1759 21.0614
18.8001 0.310883 0.369094 0.295472 0.367283 16.9293 21.0438
18.8251 0.307162 0.368782 0.292277 0.367534 16.7462 21.0581
18.8501 0.303525 0.368679 0.288976 0.36827 16.5571 21.1003
18.8751 0.300003 0.368835 0.285915 0.369456 16.3817 21.1682
18.9001 0.296649 0.369148 0.283236 0.370401 16.2282 21.2224
18.9251 0.293409 0.36948 0.280449 0.370809 16.0686 21.2458
18.9501 0.290359 0.369798 0.27816 0.371067 15.9374 21.2606
18.9751 0.287413 0.370006 0.275627 0.37084 15.7922 21.2476
19.0001 0.284514 0.370111 0.272918 0.370532 15.637 21.2299
19.0251 0.281616 0.370192 0.270023 0.370516 15.4712 21.229
19.0501 0.27872 0.370381 0.267136 0.371138 15.3058 21.2647
19.0751 0.275665 0.370718 0.263447 0.372063 15.0944 21.3177
19.1001 0.272432 0.371213 0.259501 0.373196 14.8683 21.3826
19.1251 0.269043 0.372011 0.255484 0.3752 14.6382 21.4974
19.1501 0.265093 0.373485 0.249292 0.379384 14.2834 21.7371
19.1751 0.26069 0.375402 0.243082 0.38307 13.9276 21.9483
19.2002 0.256353 0.377253 0.239001 0.384657 13.6937 22.0392
19.2251 0.25221 0.378786 0.235638 0.384919 13.5011 22.0543
19.2501 0.248364 0.379858 0.232981 0.384145 13.3488 22.0099
19.2751 0.244882 0.380598 0.230954 0.383557 13.2327 21.9762
19.3001 0.24151 0.381164 0.228022 0.383428 13.0647 21.9688
19.3251 0.238061 0.381609 0.224265 0.383391 12.8495 21.9667
19.3501 0.234821 0.38188 0.221863 0.382964 12.7118 21.9422
19.3751 0.23173 0.381993 0.219364 0.382445 12.5686 21.9125
19.4001 0.228498 0.382137 0.21557 0.382714 12.3513 21.9279
19.4251 0.225034 0.382446 0.211179 0.383682 12.0996 21.9833
19.4501 0.221446 0.382877 0.207096 0.384598 11.8657 22.0358
19.4751 0.217505 0.383455 0.201741 0.385767 11.5589 22.1028
19.5001 0.213333 0.38413 0.196646 0.386832 11.267 22.1638
19.5251 0.209269 0.384666 0.19301 0.386809 11.0586 22.1625
19.5501 0.205259 0.385071 0.189219 0.386691 10.8415 22.1557
19.5751 0.201267 0.385341 0.185301 0.386421 10.617 22.1403
19.6002 0.197448 0.385508 0.18217 0.386174 10.4375 22.1262
19.6251 0.193634 0.385587 0.17838 0.385903 10.2204 22.1106
19.6501 0.18981 0.385591 0.174514 0.38561 9.9989 22.0938
19.6751 0.186011 0.385632 0.170813 0.385796 9.78687 22.1045
19.7001 0.182057 0.385649 0.166241 0.385716 9.52489 22.0999
19.7252 0.178027 0.3856 0.161908 0.385402 9.27663 22.0819
19.7501 0.174056 0.385519 0.158172 0.385195 9.0626 22.0701
19.7751 0.16981 0.385507 0.152824 0.385461 8.75618 22.0853
19.8001 0.165213 0.385571 0.146827 0.385825 8.41257 22.1061
19.8251 0.16067 0.385562 0.142495 0.385525 8.16439 22.089
19.8501 0.15611 0.385458 0.137872 0.385043 7.89946 22.0614
19.8751 0.15154 0.385262 0.133261 0.384477 7.63529 22.0289
19.9001 0.14718 0.385045 0.12974 0.38418 7.43355 22.0119
19.9251 0.142721 0.384842 0.124882 0.384031 7.15522 22.0033
19.9501 0.13833 0.384719 0.120768 0.384223 6.9195 22.0144
19.9751 0.134121 0.384669 0.117284 0.384471 6.71989 22.0286
20.0001 0.129936 0.384693 0.113199 0.384789 6.48582 22.0468
20.0251 0.125574 0.384861 0.108124 0.385531 6.19506 22.0893
20.0501 0.121451 0.385111 0.104958 0.386111 6.01366 22.1225
20.0751 0.117733 0.385349 0.10286 0.386304 5.89344 22.1336
20.1001 0.114179 0.38557 0.0999653 0.386453 5.72759 22.1421
20.1252 0.110815 0.385681 0.0973586 0.386122 5.57824 22.1232
20.1501 0.107715 0.385685 0.095314 0.385703 5.46109 22.0992
20.1751 0.104739 0.385608 0.0928364 0.385298 5.31913 22.076
20.2001 0.101744 0.385583 0.089763 0.385484 5.14304 22.0866
20.2251 0.0987188 0.385657 0.0866183 0.385955 4.96286 22.1136
20.2502 0.0955748 0.385831 0.0829988 0.386524 4.75548 22.1462
20.2751 0.0924015 0.386052 0.0797083 0.386938 4.56695 22.1699
20.3001 0.0892618 0.386276 0.0767031 0.38717 4.39476 22.1832
20.3251 0.0861741 0.386381 0.073823 0.386801 4.22975 22.1621
20.3501 0.0833267 0.386305 0.0719374 0.386003 4.12171 22.1163
20.3752 0.0805502 0.386125 0.0694441 0.385403 3.97885 22.082
20.4001 0.0777272 0.385968 0.0664354 0.385341 3.80647 22.0784
20.4251 0.0749818 0.3858 0.064 0.385127 3.66693 22.0662
20.4501 0.0724252 0.385565 0.0621987 0.384626 3.56372 22.0374
20.4751 0.0699556 0.38527 0.0600775 0.384089 3.44219 22.0067
20.5001 0.0674947 0.385041 0.057651 0.384125 3.30316 22.0087
20.5252 0.0649769 0.384951 0.0549059 0.384592 3.14588 22.0355
20.5501 0.0622412 0.385035 0.051298 0.385368 2.93916 22.08
20.5751 0.0593534 0.38516 0.0478024 0.385663 2.73887 22.0968
20.6001 0.0566128 0.385189 0.0456502 0.385305 2.61556 22.0764
20.6251 0.0538898 0.385066 0.0429979 0.384574 2.4636 22.0344
20.6501 0.0511068 0.38489 0.039975 0.384186 2.2904 22.0122
20.6751 0.0482902 0.384753 0.0370235 0.384206 2.12129 22.0134
20.7001 0.0454479 0.384554 0.034079 0.38376 1.95258 21.9878
20.7251 0.0427427 0.384214 0.0319216 0.382851 1.82898 21.9357
20.7501 0.0400767 0.383795 0.0294126 0.38212 1.68522 21.8939
20.7751 0.037373 0.383434 0.0265582 0.381989 1.52167 21.8864
20.8001 0.0345604 0.383168 0.0233102 0.382106 1.33557 21.893
20.8251 0.0318657 0.382845 0.0210871 0.381552 1.2082 21.8613
20.8501 0.0293206 0.382503 0.01914 0.381135 1.09664 21.8374
20.8751 0.0268031 0.382231 0.0167332 0.381144 0.958743 21.8379
20.9001 0.0244221 0.381977 0.014898 0.380962 0.853594 21.8275
20.9252 0.0221983 0.381763 0.0133031 0.380905 0.762212 21.8242
20.9501 0.0200281 0.381614 0.0113473 0.381021 0.650151 21.8309
20.9751 0.017959 0.381526 0.00968275 0.38117 0.554781 21.8395
21.0001 0.0160698 0.381474 0.00851284 0.381267 0.48775 21.845
21.0251 0.0144037 0.381384 0.00773935 0.381025 0.443432 21.8311
21.0501 0.013032 0.38127 0.00754512 0.380811 0.432303 21.8189
21.0751 0.0118789 0.381151 0.00726675 0.380676 0.416354 21.8111
21.1001 0.0109026 0.381049 0.00699713 0.380641 0.400906 21.8091
21.1252 0.00998821 0.380974 0.00633077 0.380675 0.362726 21.8111
21.1501 0.009143 0.38091 0.00576215 0.380651 0.330147 21.8097
21.1751 0.00838952 0.380863 0.00537558 0.380674 0.307998 21.811
21.2001 0.00775966 0.380811 0.00524025 0.380607 0.300244 21.8072
21.2251 0.00724572 0.38073 0.00518996 0.380403 0.297363 21.7955
21.2501 0.00676989 0.38066 0.00486655 0.380383 0.278833 21.7943
21.2751 0.00639931 0.380493 0.004917 0.379826 0.281723 21.7624
21.3001 0.00613305 0.3802 0.005068 0.379026 0.290375 21.7166
21.3251 0.00588122 0.379694 0.00487391 0.377671 0.279254 21.6389
21.3501 0.00564859 0.379001 0.00471804 0.376228 0.270324 21.5563
21.3752 0.00536707 0.378147 0.00424103 0.374733 0.242993 21.4706
21.4001 0.00507602 0.377124 0.0039118 0.37303 0.224129 21.373
21.4251 0.00498125 0.37578 0.00460218 0.370402 0.263686 21.2225
21.4501 0.00509112 0.374109 0.0055306 0.367424 0.31688 21.0519
21.4751 0.00533441 0.372203 0.00630754 0.364579 0.361396 20.8888
21.5001 0.00580223 0.369886 0.00767355 0.360618 0.439662 20.6619
21.5251 0.0063844 0.367271 0.00871304 0.356812 0.49922 20.4438
21.5501 0.00708397 0.364481 0.00988228 0.353322 0.566213 20.2439
21.5751 0.00780382 0.36143 0.0106832 0.349228 0.612103 20.0093
21.6002 0.00852056 0.358414 0.0113875 0.346347 0.652458 19.8442
21.6251 0.00928135 0.35534 0.0123245 0.343044 0.70614 19.655
21.6501 0.0100762 0.352141 0.0132559 0.339345 0.759505 19.443
21.6751 0.0109354 0.34877 0.0143722 0.335288 0.823468 19.2106
21.7001 0.011869 0.345371 0.0156033 0.331776 0.894005 19.0094
21.7252 0.012922 0.341865 0.0171338 0.32784 0.981692 18.7839
21.7502 0.0140256 0.338366 0.0184401 0.324369 1.05654 18.5849
21.7751 0.0151273 0.335035 0.0195339 0.32171 1.11921 18.4326
21.8001 0.0161566 0.331828 0.0202741 0.319003 1.16162 18.2775
21.8251 0.0170596 0.328809 0.0206714 0.316732 1.18439 18.1474
21.8501 0.0177598 0.326082 0.0205607 0.315173 1.17804 18.0581
21.8751 0.0183739 0.323409 0.0208304 0.312717 1.19349 17.9174
21.9001 0.0189799 0.320756 0.0214039 0.310143 1.22635 17.7699
21.9251 0.0196008 0.318211 0.0220843 0.30803 1.26534 17.6488
21.9501 0.0202464 0.315705 0.0228289 0.305682 1.308 17.5143
21.9751 0.0209098 0.313195 0.0235636 0.303157 1.35009 17.3696
22.0001 0.0215525 0.310838 0.024123 0.301409 1.38215 17.2695
22.0251 0.0221022 0.308647 0.0243012 0.299882 1.39236 17.182
22.0501 0.0226448 0.306448 0.0248153 0.29765 1.42181 17.0541
22.0751 0.023188 0.304196 0.0253604 0.29519 1.45305 16.9131
22.1001 0.0236258 0.302034 0.0253772 0.293384 1.454 16.8097
22.1251 0.0239505 0.299929 0.0252495 0.291508 1.44669 16.7022
22.1501 0.0242309 0.297719 0.0253523 0.288879 1.45258 16.5515
22.1751 0.0245406 0.295437 0.0257796 0.286309 1.47706 16.4043
22.2001 0.0248379 0.293047 0.0260271 0.283489 1.49124 16.2427
22.2251 0.0251029 0.290649 0.026163 0.281056 1.49903 16.1033
22.2501 0.0254171 0.288306 0.0266739 0.278932 1.5283 15.9817
22.2751 0.0257741 0.285959 0.0272021 0.276575 1.55856 15.8466
22.3001 0.0260502 0.28375 0.0271545 0.274914 1.55584 15.7514
22.3251 0.0262524 0.281713 0.0270612 0.273562 1.55049 15.674
22.3501 0.0262765 0.279866 0.0263732 0.272479 1.51107 15.6119
22.3752 0.0262212 0.278044 0.0259997 0.270754 1.48968 15.5131
22.4001 0.0261648 0.276267 0.0259391 0.269158 1.4862 15.4216
22.4251 0.0261072 0.274485 0.0258771 0.267357 1.48265 15.3184
22.4501 0.0260893 0.272624 0.0260174 0.265183 1.49069 15.1939
22.4751 0.0260901 0.270806 0.0260933 0.263532 1.49503 15.0993
22.5001 0.0262087 0.26888 0.0266831 0.261177 1.52883 14.9643
22.5251 0.0264534 0.266871 0.0274325 0.258837 1.57177 14.8303
22.5501 0.0266959 0.264967 0.0276657 0.25735 1.58513 14.7451
22.5751 0.0270247 0.263046 0.0283398 0.25536 1.62375 14.631
22.6001 0.0274063 0.26104 0.0289326 0.253016 1.65772 14.4967
22.6251 0.0278491 0.259021 0.0296203 0.250946 1.69712 14.3781
22.6502 0.0283129 0.257043 0.030168 0.249132 1.7285 14.2742
22.6751 0.0287971 0.255099 0.0307343 0.247323 1.76095 14.1705
22.7001 0.0293955 0.253101 0.0317889 0.245108 1.82137 14.0437
22.7251 0.0302674 0.250789 0.0337553 0.241541 1.93403 13.8393
22.7501 0.0313342 0.248232 0.0356011 0.238004 2.03979 13.6366
22.7751 0.0325046 0.245489 0.0371862 0.234517 2.13061 13.4369
22.8001 0.0336261 0.242821 0.0381123 0.232147 2.18368 13.3011
22.8252 0.0347438 0.240169 0.0392145 0.229562 2.24683 13.153
22.8501 0.0357536 0.23762 0.0397928 0.227423 2.27996 13.0304
22.8751 0.0367467 0.235231 0.0407192 0.225678 2.33304 12.9304
22.9001 0.0377331 0.232975 0.0416784 0.223948 2.388 12.8313
22.9251 0.0385687 0.23104 0.0419115 0.223302 2.40135 12.7942
22.9501 0.0392466 0.229473 0.0419581 0.223207 2.40402 12.7888
22.9751 0.0398531 0.228272 0.0422791 0.223464 2.42241 12.8035
23.0001 0.0404243 0.227431 0.0427089 0.224069 2.44704 12.8382
23.0251 0.0410609 0.226826 0.0436076 0.224404 2.49853 12.8574
23.0502 0.0417697 0.226307 0.0446047 0.224234 2.55566 12.8476
23.0751 0.0425196 0.225939 0.0455195 0.224467 2.60807 12.861
23.1001 0.043173 0.225777 0.0457862 0.225126 2.62336 12.8988
23.1251 0.0438005 0.225913 0.0463108 0.226458 2.65342 12.9751
23.1501 0.0443901 0.226405 0.0467485 0.228374 2.67849 13.0849
23.1751 0.0449831 0.227191 0.0473552 0.230336 2.71325 13.1973
23.2002 0.045585 0.2283 0.0479924 0.232734 2.74976 13.3347
23.2251 0.0462842 0.229573 0.0490811 0.234665 2.81214 13.4453
23.2501 0.0470557 0.230871 0.0501418 0.236063 2.87291 13.5254
23.2751 0.0478905 0.232366 0.0512297 0.238345 2.93525 13.6562
23.3001 0.0487001 0.234278 0.0519386 0.241929 2.97586 13.8615
23.3251 0.0494049 0.2365 0.0522237 0.245388 2.9922 14.0597
23.3501 0.0500547 0.239139 0.0526542 0.249696 3.01686 14.3065
23.3751 0.0507133 0.242032 0.0533475 0.2536 3.05659 14.5302
23.4001 0.05125 0.2452 0.0533968 0.257873 3.05941 14.775
23.4251 0.0517254 0.248311 0.053627 0.260756 3.0726 14.9402
23.4501 0.0522161 0.251455 0.0541788 0.26403 3.10422 15.1278
23.4751 0.0526508 0.254656 0.0543897 0.26746 3.1163 15.3243
23.5001 0.052995 0.257815 0.0543721 0.270452 3.11529 15.4958
23.5251 0.0532387 0.26123 0.0542135 0.27489 3.1062 15.7501
23.5501 0.0534134 0.265014 0.0541119 0.280148 3.10038 16.0513
23.5751 0.0535464 0.269188 0.0540785 0.285885 3.09847 16.38
23.6001 0.0536585 0.273769 0.054107 0.292094 3.1001 16.7357
23.6251 0.0539131 0.27852 0.0549315 0.297521 3.14734 17.0467
23.6501 0.0543646 0.283119 0.0561704 0.301516 3.21833 17.2756
23.6751 0.055069 0.287873 0.0578869 0.306892 3.31667 17.5836
23.7001 0.0559472 0.292758 0.05946 0.312297 3.40681 17.8933
23.7251 0.0568725 0.297524 0.0605735 0.316585 3.47061 18.139
23.7501 0.0578034 0.302546 0.061527 0.322634 3.52524 18.4856
23.7751 0.0586669 0.30776 0.062121 0.328616 3.55927 18.8283
23.8001 0.0594673 0.312758 0.0626689 0.332751 3.59066 19.0652
23.8251 0.0601955 0.317717 0.0631085 0.337551 3.61585 19.3403
23.8501 0.0608611 0.322551 0.0635235 0.34189 3.63963 19.5889
23.8751 0.0613903 0.327204 0.0635068 0.345814 3.63867 19.8137
23.9001 0.0617816 0.331946 0.0633468 0.350913 3.62951 20.1058
23.9251 0.0621037 0.336666 0.063392 0.355549 3.63209 20.3715
23.9501 0.0624465 0.341178 0.0638176 0.359222 3.65648 20.5819
23.9751 0.062712 0.345709 0.0637744 0.363832 3.654 20.8461
24.0001 0.0629511 0.350241 0.0639071 0.368371 3.66161 21.1061
24.0252 0.0632829 0.354501 0.0646103 0.371543 3.7019 21.2878
24.0501 0.0637401 0.358562 0.0655688 0.374806 3.75682 21.4748
24.0751 0.0642628 0.362338 0.0663535 0.377443 3.80177 21.6259
24.1001 0.0647939 0.365827 0.0669183 0.37978 3.83414 21.7598
24.1251 0.0652921 0.368995 0.0672849 0.381666 3.85514 21.8678
24.1502 0.0657625 0.372005 0.0676443 0.384048 3.87573 22.0044
24.1751 0.066148 0.374944 0.0676901 0.386697 3.87835 22.1561
24.2002 0.0664638 0.377696 0.0677271 0.388706 3.88048 22.2712
24.2251 0.0666855 0.380411 0.0675722 0.39127 3.8716 22.4181
24.2501 0.0667693 0.383161 0.0671043 0.394161 3.8448 22.5838
24.2752 0.0667875 0.385825 0.0668604 0.39648 3.83082 22.7166
24.3001 0.0668217 0.388357 0.0669583 0.398487 3.83643 22.8316
24.3251 0.066918 0.39089 0.0673034 0.40102 3.8562 22.9768
24.3501 0.0669825 0.393454 0.0672403 0.403711 3.85259 23.1309
24.3752 0.067055 0.396017 0.0673449 0.406269 3.85858 23.2775
24.4002 0.0672425 0.398477 0.0679926 0.40832 3.89569 23.395
24.4251 0.0675548 0.400893 0.068804 0.410557 3.94218 23.5232
24.4501 0.0679426 0.403594 0.0694936 0.414397 3.98169 23.7432
24.4751 0.0681011 0.406514 0.0687351 0.418196 3.93823 23.9609
24.5001 0.0680488 0.409179 0.0678395 0.419836 3.88692 24.0548
24.5251 0.0678341 0.411391 0.0669755 0.420242 3.83741 24.0781
24.5501 0.0674335 0.413116 0.0658311 0.420015 3.77185 24.0651
24.5751 0.0669489 0.414427 0.0650102 0.419672 3.72481 24.0454
24.6001 0.0662897 0.415421 0.0636532 0.419395 3.64706 24.0296
24.6251 0.0655456 0.41606 0.0625689 0.418615 3.58494 23.9849
24.6501 0.0649751 0.416333 0.0626933 0.417426 3.59206 23.9167
24.6751 0.0643074 0.416247 0.0616368 0.415902 3.53153 23.8294
24.7001 0.0641124 0.415413 0.0633323 0.412077 3.62867 23.6102
24.7251 0.0636483 0.413286 0.0617918 0.404779 3.54041 23.1921
24.7501 0.0627921 0.410737 0.0593673 0.40054 3.4015 22.9492
24.7751 0.061774 0.408347 0.0577019 0.398788 3.30607 22.8489
24.8001 0.060771 0.406126 0.056759 0.397241 3.25205 22.7602
24.8251 0.059875 0.404097 0.0562906 0.395981 3.22522 22.688
24.8501 0.059125 0.402332 0.056125 0.395272 3.21572 22.6474
24.8751 0.0585965 0.400805 0.0564828 0.394697 3.23623 22.6144
24.9001 0.0582986 0.399503 0.0571069 0.394298 3.27199 22.5916
24.9252 0.0581293 0.398358 0.057452 0.393778 3.29176 22.5618
24.9501 0.0579382 0.397385 0.0571741 0.393493 3.27583 22.5455
24.9751 0.0577274 0.396533 0.056884 0.393125 3.25921 22.5244
25.0001 0.0577146 0.395764 0.0576635 0.392687 3.30387 22.4993
25.0252 0.0577998 0.395094 0.0581406 0.392414 3.33121 22.4837
25.0501 0.0578954 0.394533 0.0582777 0.392288 3.33907 22.4764
25.0751 0.0579598 0.394027 0.0582175 0.392002 3.33562 22.46
25.1001 0.0579121 0.39348 0.0577211 0.391293 3.30718 22.4195
25.1251 0.057689 0.39287 0.0567967 0.390429 3.25421 22.37
25.1501 0.0573467 0.392251 0.0559777 0.389777 3.20728 22.3326
25.1752 0.0570598 0.391559 0.055912 0.388789 3.20352 22.276
25.2001 0.0569032 0.390798 0.0562769 0.387755 3.22443 22.2167
25.2252 0.0567772 0.390013 0.0562733 0.386875 3.22422 22.1663
25.2501 0.0566763 0.3893 0.0562726 0.386444 3.22418 22.1416
25.2751 0.0565689 0.388667 0.0561395 0.386137 3.21656 22.124
25.3001 0.0564365 0.388016 0.0559069 0.38541 3.20323 22.0824
25.3252 0.0562668 0.387399 0.0555878 0.384931 3.18495 22.0549
25.3501 0.0560058 0.386755 0.054962 0.384182 3.14909 22.012
25.3751 0.0555134 0.386133 0.0535437 0.383642 3.06783 21.9811
25.4001 0.0549068 0.385606 0.0524802 0.383501 3.00689 21.973
25.4251 0.0543216 0.38517 0.051981 0.383423 2.97829 21.9685
25.4501 0.0538546 0.384771 0.0519864 0.383177 2.9786 21.9544
25.4751 0.0536088 0.384375 0.0526255 0.382791 3.01522 21.9323
25.5001 0.0536419 0.383984 0.0537746 0.382421 3.08106 21.9111
25.5251 0.0537898 0.383669 0.0543814 0.382405 3.11583 21.9102
25.5501 0.05396 0.383459 0.0546406 0.38262 3.13068 21.9225
25.5751 0.0539961 0.383174 0.0541405 0.382032 3.10202 21.8888
25.6001 0.0539577 0.382827 0.0538041 0.381441 3.08275 21.855
25.6251 0.053924 0.382503 0.0537894 0.381206 3.08191 21.8415
25.6501 0.0538696 0.382191 0.0536519 0.380943 3.07403 21.8264
25.6751 0.053809 0.381874 0.0535664 0.380608 3.06913 21.8072
25.7001 0.0538087 0.381561 0.0538075 0.38031 3.08294 21.7902
25.7251 0.0539013 0.381185 0.0542717 0.379678 3.10954 21.7539
25.7501 0.0540928 0.380805 0.0548591 0.379287 3.14319 21.7315
25.7751 0.0544838 0.380424 0.0560478 0.378899 3.2113 21.7093
25.8001 0.0550151 0.38005 0.0571404 0.378555 3.2739 21.6896
25.8252 0.0554811 0.379738 0.0573451 0.378488 3.28563 21.6857
25.8501 0.055851 0.379463 0.0573306 0.378365 3.2848 21.6787
25.8751 0.0560936 0.379209 0.0570642 0.37819 3.26954 21.6687
25.9001 0.0561725 0.379016 0.0564878 0.378245 3.23651 21.6719
25.9251 0.0561577 0.378842 0.0560986 0.378145 3.21421 21.6661
25.9501 0.0561577 0.378842 0.0560986 0.378145 3.21421 21.6661
25.9751 0.0561577 0.378842 0.0560986 0.378145 3.21421 21.6661
26.0001 0.0561577 0.378842 0.0560986 0.378145 3.21421 21.6661
26.0251 0.0561577 0.378842 0.0560986 0.378145 3.21421 21.6661
26.0501 0.0561577 0.378842 0.0560986 0.378145 3.21421 21.6661
26.0751 0.0561577 0.378842 0.0560986 0.378145 3.21421 21.6661
26.1001 0.0561577 0.378842 0.0560986 0.378145 3.21421 21.6661
